-8.9173E-001  -2.1645E+000   7.6605E-015  -4.6291E-002   3.3916E-015  -1.7525E-004   5.5303E-015  -4.1094E-001  -5.9187E-015  -4.3243E-007   8.4634E-002  -1.6781E-005  -1.8755E-015  -4.7074E-006  -3.8233E-015   2.8160E-002   5.3846E-015  -7.3829E-007  -5.8494E-015  -5.7054E-007   3.7184E-015  -2.4737E-002   2.0793E-003   8.2097E-003  
-5.0050E-001  -2.8054E+000  -2.0308E-015   4.5360E-002   6.1312E-015   2.0376E-001  -1.7514E-015  -4.3168E-001   1.2658E-015   2.0889E-003   8.3310E-002   9.6680E-003  -2.2558E-015  -1.3171E-005  -4.9686E-015   3.5549E-002   3.9461E-017  -3.8640E-004   3.2689E-016  -5.3011E-006  -1.8790E-015  -2.3650E-002   3.2306E-003   2.4956E-002  
-6.0427E-001  -2.4853E+000  -5.5578E-001   1.2317E-002   1.7659E-001   5.0075E-002  -1.8207E-002  -4.2143E-001   2.3246E-004  -1.9652E-003   8.1748E-002  -8.8788E-004   8.3926E-003  -1.7019E-006   6.5996E-006   3.1849E-002   6.3815E-003   3.9267E-004   2.3394E-005  -2.9663E-006  -2.6003E-006  -2.3680E-002   3.1931E-003   2.2985E-002  
-8.1182E-001  -1.8427E+000  -5.5727E-001  -5.3769E-002   8.7093E-002  -1.0209E-001  -1.8656E-002  -4.0014E-001  -2.3085E-004   1.6973E-003   7.8621E-002  -4.8562E-003  -1.5130E-003  -2.1616E-006  -6.6674E-006   2.4494E-002   6.3571E-003  -4.1903E-004  -1.9547E-005   1.5429E-006  -2.4879E-006  -2.3741E-002   3.1128E-003   2.1366E-002  
-9.1559E-001  -1.5201E+000  -9.8967E-008  -8.6814E-002   7.5863E-009  -1.0078E-001  -3.3235E-009  -3.8911E-001   6.6937E-010  -1.5562E-003   7.7057E-002   1.7208E-003  -1.0904E-009  -1.3505E-005   5.6282E-012   2.0837E-002   1.0637E-009   4.3360E-004  -1.4323E-010   3.8480E-006   5.2962E-011  -2.3772E-002   3.0703E-003   2.1702E-002  
-8.1182E-001  -1.8427E+000   5.5727E-001  -5.3769E-002  -8.7093E-002  -1.0209E-001   1.8656E-002  -4.0014E-001   2.3084E-004   1.6973E-003   7.8621E-002  -4.8562E-003   1.5130E-003  -2.1616E-006   6.6673E-006   2.4494E-002  -6.3571E-003  -4.1902E-004   1.9547E-005   1.5429E-006   2.4879E-006  -2.3741E-002   3.1128E-003   2.1366E-002  
-6.0427E-001  -2.4853E+000   5.5578E-001   1.2317E-002  -1.7659E-001   5.0075E-002   1.8207E-002  -4.2143E-001  -2.3246E-004  -1.9652E-003   8.1748E-002  -8.8789E-004  -8.3926E-003  -1.7020E-006  -6.5995E-006   3.1849E-002  -6.3815E-003   3.9267E-004  -2.3394E-005  -2.9663E-006   2.6004E-006  -2.3680E-002   3.1931E-003   2.2985E-002  
 4.1399E-001  -3.4564E+000   1.6717E-015   2.0359E-001   3.0188E-015   5.2828E-001  -3.2979E-016  -4.4353E-001   5.1167E-015   2.2603E-002   6.7402E-002   3.2284E-002  -3.0579E-015  -2.3047E-004   4.5191E-015   4.0024E-002  -1.9646E-015  -4.4380E-003   7.8570E-015  -5.4352E-005   2.5670E-015  -1.9740E-002   8.7343E-003   6.4098E-002  
 1.8291E-001  -2.8125E+000  -1.1225E+000   1.3001E-001   4.5736E-001   7.4211E-002  -2.9424E-002  -4.2779E-001   1.1229E-003  -2.1980E-002   6.3930E-002  -7.3234E-003   2.7980E-002   1.0644E-004   1.9756E-004   3.4061E-002   1.0183E-002   4.4799E-003   1.0672E-004  -2.6903E-005   2.9543E-005  -1.9822E-002   8.6381E-003   6.0597E-002  
-2.7915E-001  -1.5121E+000  -1.1298E+000  -1.7130E-002   1.2946E-001  -2.6387E-001  -3.1600E-002  -3.9256E-001  -1.1250E-003   2.0690E-002   5.6984E-002  -1.6132E-002  -1.2643E-002   1.0257E-004  -1.9714E-004   2.2392E-002   1.0048E-002  -4.5970E-003  -9.9818E-005   2.4509E-005   3.1832E-005  -1.9976E-002   8.4013E-003   5.8541E-002  
-5.1016E-001  -8.5564E-001  -2.0109E-007  -9.0700E-002  -5.9886E-009  -1.5005E-001  -5.8109E-009  -3.7305E-001   9.4322E-009  -2.0027E-002   5.3508E-002   1.4529E-002  -5.8487E-009  -2.2683E-004   1.2429E-010   1.6662E-002   1.8298E-009   4.6668E-003  -2.1706E-009   5.5460E-005  -1.6664E-011  -2.0044E-002   8.2645E-003   5.9990E-002  
-2.7915E-001  -1.5121E+000   1.1298E+000  -1.7130E-002  -1.2946E-001  -2.6387E-001   3.1600E-002  -3.9256E-001   1.1250E-003   2.0690E-002   5.6984E-002  -1.6132E-002   1.2643E-002   1.0257E-004   1.9714E-004   2.2392E-002  -1.0048E-002  -4.5970E-003   9.9823E-005   2.4508E-005  -3.1832E-005  -1.9976E-002   8.4013E-003   5.8541E-002  
 1.8291E-001  -2.8125E+000   1.1225E+000   1.3001E-001  -4.5736E-001   7.4211E-002   2.9424E-002  -4.2779E-001  -1.1229E-003  -2.1980E-002   6.3930E-002  -7.3234E-003  -2.7980E-002   1.0644E-004  -1.9756E-004   3.4061E-002  -1.0183E-002   4.4799E-003  -1.0672E-004  -2.6903E-005  -2.9543E-005  -1.9822E-002   8.6381E-003   6.0597E-002  
 1.4372E+000  -3.7567E+000  -8.8395E-015   3.2352E-001  -9.1627E-015   7.1037E-001  -1.1745E-014  -4.2564E-001   1.7480E-014   7.6530E-002   3.4516E-002   4.8584E-002   5.6542E-015  -1.6728E-003  -1.0551E-015   3.5271E-002  -2.3218E-014  -1.5485E-002   1.5242E-014  -6.2130E-004  -1.4212E-014  -1.4737E-002   1.5632E-002   8.6332E-002  
 1.0956E+000  -2.9649E+000  -1.3867E+000   2.1472E-001   6.1439E-001   1.4439E-001  -1.5291E-002  -4.1951E-001   2.3757E-003  -7.5161E-002   2.9349E-002  -1.1210E-002   4.2032E-002   8.6418E-004   1.4880E-003   3.1618E-002   5.8745E-003   1.5613E-002   2.2821E-004  -3.2783E-004   5.5157E-004  -1.4928E-002   1.5436E-002   8.6575E-002  
 4.1290E-001  -1.3550E+000  -1.4020E+000  -2.7267E-003   2.5236E-001  -3.5377E-001  -1.9902E-002  -3.9919E-001  -2.3837E-003   7.2462E-002   1.9127E-002  -2.4189E-002  -1.9308E-002   8.5095E-004  -1.4901E-003   2.5027E-002   5.5689E-003  -1.5857E-002  -1.9496E-004   3.2615E-004   5.5544E-004  -1.5185E-002   1.5098E-002   8.4776E-002  
 7.1627E-002  -5.3661E-001  -2.4993E-007  -1.1148E-001   1.3100E-008  -2.9276E-001  -3.8852E-009  -3.8505E-001   3.3370E-008  -7.1095E-002   1.4048E-002   2.2145E-002  -8.9839E-009  -1.6984E-003   7.5539E-010   2.1981E-002   1.0588E-009   1.6001E-002  -7.0528E-009   6.6071E-004  -3.0426E-010  -1.5303E-002   1.4917E-002   8.2925E-002  
 4.1290E-001  -1.3550E+000   1.4020E+000  -2.7267E-003  -2.5236E-001  -3.5377E-001   1.9902E-002  -3.9919E-001   2.3836E-003   7.2462E-002   1.9127E-002  -2.4189E-002   1.9308E-002   8.5096E-004   1.4901E-003   2.5027E-002  -5.5689E-003  -1.5857E-002   1.9497E-004   3.2615E-004  -5.5544E-004  -1.5185E-002   1.5098E-002   8.4775E-002  
 1.0956E+000  -2.9649E+000   1.3867E+000   2.1472E-001  -6.1439E-001   1.4439E-001   1.5291E-002  -4.1951E-001  -2.3756E-003  -7.5161E-002   2.9349E-002  -1.1210E-002  -4.2032E-002   8.6418E-004  -1.4880E-003   3.1618E-002  -5.8745E-003   1.5613E-002  -2.2822E-004  -3.2783E-004  -5.5157E-004  -1.4928E-002   1.5436E-002   8.6575E-002  
 2.2411E+000  -3.7137E+000  -6.1545E-015   3.5380E-001  -1.8984E-015   6.4526E-001  -4.6757E-015  -3.8272E-001   7.8782E-015   1.5422E-001  -1.0694E-002   4.3080E-002   3.4311E-017  -6.3771E-003  -5.8456E-015   1.8690E-002  -8.5793E-015  -3.3855E-002   6.4113E-015  -2.5216E-003  -7.2180E-015  -1.3699E-002   1.8562E-002   8.8151E-002  
 1.8153E+000  -2.9458E+000  -1.3532E+000   2.1831E-001   5.5733E-001   2.9941E-001   2.0733E-002  -3.9867E-001   3.5125E-003  -1.5222E-001  -1.7007E-002  -5.3101E-003   3.7288E-002   3.2503E-003   5.5094E-003   2.3332E-002  -8.4412E-003   3.3952E-002   2.8687E-004  -1.2770E-003   2.2274E-003  -1.3821E-002   1.8444E-002   8.9200E-002  
 9.6455E-001  -1.3699E+000  -1.3763E+000  -5.2712E-002   5.2259E-001  -3.1989E-001   1.3802E-002  -4.1852E-001  -3.6374E-003   1.4825E-001  -2.9686E-002  -2.1453E-002  -8.9188E-003   3.1927E-003  -5.4823E-003   3.3489E-002  -8.8894E-003  -3.4265E-002  -3.3302E-004   1.2731E-003   2.1811E-003  -1.4129E-002   1.8092E-002   8.7131E-002  
 5.3931E-001  -5.6201E-001  -2.4559E-007  -1.8826E-001   8.9635E-008  -6.0586E-001   2.4188E-009  -4.2255E-001   6.9195E-008  -1.4631E-001  -3.5989E-002   1.0174E-002  -6.8762E-009  -6.2717E-003   2.6731E-009   3.8802E-002  -9.1147E-010   3.4455E-002  -1.4590E-008   2.4591E-003  -1.1198E-009  -1.4249E-002   1.7903E-002   8.4929E-002  
 9.6455E-001  -1.3699E+000   1.3763E+000  -5.2712E-002  -5.2259E-001  -3.1989E-001  -1.3802E-002  -4.1852E-001   3.6373E-003   1.4825E-001  -2.9686E-002  -2.1453E-002   8.9188E-003   3.1927E-003   5.4823E-003   3.3489E-002   8.8894E-003  -3.4265E-002   3.3305E-004   1.2731E-003  -2.1811E-003  -1.4129E-002   1.8092E-002   8.7130E-002  
 1.8153E+000  -2.9458E+000   1.3532E+000   2.1831E-001  -5.5733E-001   2.9941E-001  -2.0733E-002  -3.9867E-001  -3.5124E-003  -1.5222E-001  -1.7007E-002  -5.3101E-003  -3.7288E-002   3.2502E-003  -5.5094E-003   2.3332E-002   8.4412E-003   3.3952E-002  -2.8689E-004  -1.2770E-003  -2.2274E-003  -1.3821E-002   1.8444E-002   8.9200E-002  
 2.6879E+000  -3.5392E+000   7.7956E-015   3.2972E-001  -3.3034E-015   4.7567E-001  -1.1001E-014  -3.4084E-001   1.3245E-014   2.2041E-001  -4.8115E-002   2.6314E-002   3.9347E-015  -1.0897E-002  -8.1236E-015   1.5132E-003  -1.3540E-014  -4.9484E-002   1.0356E-014  -3.4897E-003  -6.4752E-015  -1.4393E-002   1.9709E-002   9.5527E-002  
 2.2127E+000  -2.8601E+000  -1.2047E+000   1.7850E-001   4.0999E-001   4.5590E-001   5.6176E-002  -3.7816E-001   4.2829E-003  -2.1798E-001  -5.5164E-002   4.9817E-003   2.2753E-002   5.5129E-003   9.4113E-003   1.4722E-002  -2.3419E-002   4.9612E-002   3.6856E-004  -1.7175E-003   3.0039E-003  -1.4619E-002   1.9568E-002   1.0016E-001  
 1.2636E+000  -1.4530E+000  -1.2328E+000  -1.2380E-001   7.9474E-001  -2.3405E-001   4.7804E-002  -4.3818E-001  -4.3384E-003   2.1328E-001  -6.9204E-002  -1.3001E-002   8.8017E-003   5.3454E-003  -9.3682E-003   4.2113E-002  -2.3870E-002  -4.9915E-002  -2.9853E-004   1.7509E-003   2.9030E-003  -1.4890E-002   1.9257E-002   9.4912E-002  
 7.8913E-001  -7.2517E-001  -2.1989E-007  -2.7503E-001   1.7444E-007  -9.2107E-001   8.9691E-009  -4.6097E-001   1.0030E-007  -2.1096E-001  -7.6206E-002  -1.0375E-002  -2.0712E-009  -1.0711E-002   4.7356E-009   5.6095E-002  -2.6990E-009   5.0122E-002  -2.0971E-008   3.4043E-003  -1.8876E-009  -1.4918E-002   1.9102E-002   9.1037E-002  
 1.2636E+000  -1.4530E+000   1.2328E+000  -1.2380E-001  -7.9474E-001  -2.3405E-001  -4.7804E-002  -4.3818E-001   4.3382E-003   2.1328E-001  -6.9204E-002  -1.3001E-002  -8.8017E-003   5.3454E-003   9.3682E-003   4.2113E-002   2.3870E-002  -4.9915E-002   2.9857E-004   1.7509E-003  -2.9030E-003  -1.4890E-002   1.9257E-002   9.4912E-002  
 2.2127E+000  -2.8601E+000   1.2047E+000   1.7850E-001  -4.0999E-001   4.5590E-001  -5.6176E-002  -3.7816E-001  -4.2827E-003  -2.1798E-001  -5.5164E-002   4.9817E-003  -2.2753E-002   5.5129E-003  -9.4113E-003   1.4722E-002   2.3419E-002   4.9612E-002  -3.6860E-004  -1.7176E-003  -3.0039E-003  -1.4619E-002   1.9568E-002   1.0016E-001  
 2.3335E+000  -3.1732E+000  -1.0085E+000   2.5018E-001   3.1598E-001   4.8025E-001   4.1003E-002  -3.6958E-001   1.4749E-001  -1.4269E-001  -4.4508E-002   1.2536E-002   2.5139E-002   1.0045E-002  -4.9906E-005   1.1820E-002  -1.6465E-002   3.3011E-002  -3.2635E-002   2.4007E-003   2.3512E-003  -1.4312E-002   1.9429E-002   9.4717E-002  
 1.0170E+000  -1.1247E+000  -1.0399E+000  -1.6912E-001   6.5231E-001  -4.8064E-001   3.1647E-002  -4.4223E-001   1.3811E-001   1.4293E-001  -6.4006E-002  -1.2570E-002   2.9322E-004   9.9083E-003  -4.3375E-005   4.5255E-002  -1.6971E-002  -3.2951E-002  -3.3329E-002  -2.3000E-003   2.3387E-003  -1.4690E-002   1.8987E-002   9.0871E-002  
 1.0170E+000  -1.1247E+000   1.0399E+000  -1.6912E-001  -6.5231E-001  -4.8064E-001  -3.1647E-002  -4.4223E-001  -1.3811E-001   1.4293E-001  -6.4006E-002  -1.2570E-002  -2.9322E-004   9.9083E-003   4.3375E-005   4.5255E-002   1.6971E-002  -3.2951E-002   3.3329E-002  -2.3000E-003  -2.3387E-003  -1.4690E-002   1.8987E-002   9.0871E-002  
 2.3335E+000  -3.1732E+000   1.0085E+000   2.5018E-001  -3.1598E-001   4.8025E-001  -4.1003E-002  -3.6958E-001  -1.4749E-001  -1.4269E-001  -4.4508E-002   1.2536E-002  -2.5139E-002   1.0045E-002   4.9906E-005   1.1820E-002   1.6465E-002   3.3011E-002   3.2635E-002   2.4007E-003  -2.3512E-003  -1.4312E-002   1.9429E-002   9.4717E-002  
