-8.9170E-001  -1.0822E+000  -1.1380E-015  -4.6245E-002   5.3815E-016  -4.3813E-005   6.0472E-015  -2.0547E-001  -4.5444E-015  -2.2169E-007   8.4644E-002  -4.1952E-006  -7.0994E-016  -4.7073E-006   2.0428E-016   1.4080E-002   8.8957E-015  -3.6920E-007  -5.4653E-015  -2.8524E-007   3.8248E-015  -2.4737E-002   2.0608E-003   7.6404E-003  
-6.0425E-001  -1.7240E+000   5.3078E-016   1.2364E-002   3.4620E-015   1.2776E-001  -2.1382E-015  -2.2648E-001   1.6842E-015   1.9575E-003   8.1757E-002   7.6938E-003  -4.0761E-016  -1.3258E-005  -4.7727E-015   2.1452E-002  -1.7430E-015  -3.9813E-004   1.3875E-015  -4.9378E-006  -2.3871E-015  -2.3681E-002   3.1775E-003   2.4141E-002  
-6.5614E-001  -1.4033E+000  -5.5614E-001  -4.1579E-003   1.1067E-001   1.2165E-002  -1.8318E-002  -2.1603E-001   1.1819E-004  -1.8973E-003   8.0977E-002  -1.8674E-003   6.6727E-003  -1.8148E-006   6.6130E-006   1.7763E-002   6.3755E-003   3.9929E-004   1.2715E-005  -2.6107E-006  -2.5720E-006  -2.3695E-002   3.1595E-003   2.2580E-002  
-7.5991E-001  -7.6072E-001  -5.5689E-001  -3.7201E-002   2.1172E-002  -6.3919E-002  -1.8542E-002  -1.9475E-001  -1.1346E-004   1.7633E-003   7.9413E-002  -3.8515E-003  -3.2329E-003  -2.0447E-006  -6.6469E-006   1.0408E-002   6.3633E-003  -4.1247E-004  -8.7550E-006   1.8989E-006  -2.5159E-006  -2.3726E-002   3.1192E-003   2.1771E-002  
-8.1179E-001  -4.3876E-001  -9.8864E-008  -5.3723E-002  -4.1234E-009  -2.4514E-002  -3.3247E-009  -1.8392E-001   7.6003E-010  -1.6912E-003   7.8631E-002   3.7202E-003  -1.4592E-009  -1.3425E-005  -1.9531E-011   6.7407E-003   1.1148E-009   4.2173E-004  -1.8214E-010   4.2112E-006   3.6953E-011  -2.3742E-002   3.0970E-003   2.2514E-002  
-7.5991E-001  -7.6072E-001   5.5689E-001  -3.7201E-002  -2.1172E-002  -6.3919E-002   1.8542E-002  -1.9475E-001   1.1346E-004   1.7633E-003   7.9413E-002  -3.8515E-003   3.2329E-003  -2.0448E-006   6.6468E-006   1.0408E-002  -6.3633E-003  -4.1247E-004   8.7553E-006   1.8990E-006   2.5159E-006  -2.3726E-002   3.1192E-003   2.1771E-002  
-6.5614E-001  -1.4033E+000   5.5614E-001  -4.1580E-003  -1.1067E-001   1.2165E-002   1.8318E-002  -2.1603E-001  -1.1819E-004  -1.8973E-003   8.0977E-002  -1.8674E-003  -6.6727E-003  -1.8149E-006  -6.6130E-006   1.7763E-002  -6.3755E-003   3.9929E-004  -1.2716E-005  -2.6106E-006   2.5721E-006  -2.3695E-002   3.1595E-003   2.2580E-002  
 1.8299E-001  -2.3784E+000  -5.8557E-016   1.3007E-001  -1.0330E-015   3.5883E-001  -1.2407E-015  -2.3938E-001  -1.7248E-015   2.1963E-002   6.3939E-002   2.7858E-002   1.3097E-015  -2.2959E-004  -4.5560E-015   2.5853E-002  -2.7296E-016  -4.4952E-003   2.0298E-015  -5.4619E-005   2.3680E-015  -1.9816E-002   8.6122E-003   6.3069E-002  
 6.7422E-002  -1.7313E+000  -1.1243E+000   9.3271E-002   3.1066E-001  -1.0175E-002  -2.9964E-002  -2.2270E-001   5.6432E-004  -2.1655E-002   6.2204E-002  -9.5128E-003   2.4146E-002   1.0549E-004   1.9743E-004   1.9948E-002   1.0149E-002   4.5093E-003   5.5121E-005  -2.6321E-005   3.0118E-005  -1.9861E-002   8.5722E-003   6.0082E-002  
-1.6360E-001  -4.3100E-001  -1.1280E+000   1.9702E-002  -1.7246E-002  -1.7921E-001  -3.1052E-002  -1.8747E-001  -5.5970E-004   2.1011E-002   5.8731E-002  -1.3917E-002  -1.6477E-002   1.0354E-004  -1.9724E-004   8.2785E-003   1.0082E-002  -4.5678E-003  -4.8005E-005   2.5101E-005   3.1258E-005  -1.9937E-002   8.4537E-003   5.9056E-002  
-2.7909E-001   2.2235E-001  -2.0044E-007  -1.7078E-002  -3.2068E-008   1.9668E-002  -5.6591E-009  -1.6891E-001   9.5803E-009  -2.0675E-002   5.6992E-002   1.8981E-002  -6.5754E-009  -2.2776E-004   1.3725E-010   2.4904E-003   1.8123E-009   4.6095E-003  -2.1228E-009   5.5178E-005   9.2246E-012  -1.9968E-002   8.3770E-003   6.1016E-002  
-1.6360E-001  -4.3100E-001   1.1280E+000   1.9702E-002   1.7246E-002  -1.7921E-001   3.1052E-002  -1.8747E-001   5.5968E-004   2.1011E-002   5.8731E-002  -1.3917E-002   1.6477E-002   1.0354E-004   1.9724E-004   8.2785E-003  -1.0082E-002  -4.5678E-003   4.8009E-005   2.5101E-005  -3.1259E-005  -1.9937E-002   8.4537E-003   5.9056E-002  
 6.7422E-002  -1.7313E+000   1.1243E+000   9.3271E-002  -3.1066E-001  -1.0175E-002   2.9964E-002  -2.2270E-001  -5.6430E-004  -2.1655E-002   6.2204E-002  -9.5129E-003  -2.4146E-002   1.0549E-004  -1.9743E-004   1.9948E-002  -1.0149E-002   4.5093E-003  -5.5125E-005  -2.6321E-005  -3.0117E-005  -1.9861E-002   8.5722E-003   6.0082E-002  
 1.0959E+000  -2.6833E+000  -2.5900E-015   2.1483E-001  -5.9180E-015   4.5974E-001  -7.6227E-015  -2.2294E-001   9.6688E-015   7.5189E-002   2.9421E-002   4.2002E-002   2.2061E-015  -1.6676E-003  -1.2980E-015   2.0975E-002  -1.5898E-014  -1.5600E-002   1.1489E-014  -6.1955E-004  -1.4012E-014  -1.4866E-002   1.5465E-002   8.5370E-002  
 9.2497E-001  -1.8849E+000  -1.3905E+000   1.6041E-001   3.9771E-001   1.9988E-002  -1.6439E-002  -2.1483E-001   1.1912E-003  -7.4485E-002   2.6803E-002  -1.4443E-002   3.6355E-002   8.6035E-004   1.4869E-003   1.7460E-002   5.8022E-003   1.5673E-002   1.2117E-004  -3.2686E-004   5.5061E-004  -1.4989E-002   1.5348E-002   8.5527E-002  
 5.8361E-001  -2.7502E-001  -1.3982E+000   5.1684E-002   3.5671E-002  -2.2909E-001  -1.8746E-002  -1.9452E-001  -1.1888E-003   7.3132E-002   2.1690E-002  -2.0929E-002  -2.4988E-002   8.5545E-004  -1.4908E-003   1.0866E-002   5.6438E-003  -1.5798E-002  -9.0283E-005   3.2755E-004   5.5617E-004  -1.5122E-002   1.5175E-002   8.4633E-002  
 4.1307E-001   5.3668E-001  -2.4851E-007  -2.6810E-003  -2.5573E-008  -4.1830E-002  -3.4784E-009  -1.8239E-001   3.3740E-008  -7.2460E-002   1.9177E-002   2.8765E-002  -1.0029E-008  -1.6903E-003   7.4341E-010   7.6718E-003   1.1535E-009   1.5870E-002  -7.0715E-009   6.4794E-004  -2.9598E-010  -1.5165E-002   1.5093E-002   8.3616E-002  
 5.8361E-001  -2.7502E-001   1.3982E+000   5.1684E-002  -3.5670E-002  -2.2909E-001   1.8746E-002  -1.9452E-001   1.1887E-003   7.3132E-002   2.1690E-002  -2.0929E-002   2.4988E-002   8.5545E-004   1.4908E-003   1.0866E-002  -5.6438E-003  -1.5798E-002   9.0297E-005   3.2755E-004  -5.5617E-004  -1.5122E-002   1.5175E-002   8.4633E-002  
 9.2497E-001  -1.8849E+000   1.3905E+000   1.6041E-001  -3.9771E-001   1.9988E-002   1.6439E-002  -2.1483E-001  -1.1911E-003  -7.4485E-002   2.6803E-002  -1.4443E-002  -3.6355E-002   8.6035E-004  -1.4869E-003   1.7460E-002  -5.8022E-003   1.5673E-002  -1.2118E-004  -3.2686E-004  -5.5061E-004  -1.4989E-002   1.5348E-002   8.5527E-002  
 1.8157E+000  -2.6447E+000   4.1381E-015   2.1835E-001   1.4488E-015   3.3264E-001   5.1278E-015  -1.8138E-001   5.3041E-016   1.5225E-001  -1.7004E-002   3.4881E-002  -4.7668E-015  -6.3480E-003  -2.2550E-015   4.3361E-003   1.6963E-015  -3.4002E-002  -6.0871E-015  -2.5046E-003   1.2802E-015  -1.3826E-002   1.8398E-002   8.7220E-002  
 1.6027E+000  -1.8668E+000  -1.3590E+000   1.5060E-001   2.8735E-001   1.4472E-001   1.9002E-002  -1.9437E-001   1.7250E-003  -1.5122E-001  -2.0172E-002  -9.3350E-003   3.0191E-002   3.2418E-003   5.4999E-003   9.1222E-003  -8.5570E-003   3.4034E-002   1.2485E-004  -1.2710E-003   2.2171E-003  -1.3903E-002   1.8347E-002   8.8506E-002  
 1.1773E+000  -2.9102E-001  -1.3705E+000   1.5108E-002   2.5259E-001  -1.6492E-001   1.5543E-002  -2.1424E-001  -1.8318E-003   1.4923E-001  -2.6499E-002  -1.7398E-002  -1.6025E-002   3.2029E-003  -5.5020E-003   1.9268E-002  -8.7652E-003  -3.4190E-002  -1.6375E-004   1.2848E-003   2.2019E-003  -1.4037E-002   1.8184E-002   8.6842E-002  
 9.6481E-001   5.0688E-001  -2.4352E-007  -5.2700E-002   4.1304E-008  -2.9293E-001   2.9756E-009  -2.2124E-001   6.9836E-008  -1.4829E-001  -2.9663E-002   1.8407E-002  -8.1178E-009  -6.3020E-003   2.6209E-009   2.4439E-002  -8.9606E-010   3.4313E-002  -1.4502E-008   2.4751E-003  -1.1298E-009  -1.4119E-002   1.8060E-002   8.5842E-002  
 1.1773E+000  -2.9102E-001   1.3705E+000   1.5108E-002  -2.5259E-001  -1.6492E-001  -1.5543E-002  -2.1424E-001   1.8316E-003   1.4923E-001  -2.6499E-002  -1.7398E-002   1.6025E-002   3.2029E-003   5.5020E-003   1.9268E-002   8.7652E-003  -3.4190E-002   1.6378E-004   1.2848E-003  -2.2019E-003  -1.4037E-002   1.8184E-002   8.6841E-002  
 1.6027E+000  -1.8668E+000   1.3590E+000   1.5060E-001  -2.8735E-001   1.4472E-001  -1.9002E-002  -1.9437E-001  -1.7248E-003  -1.5122E-001  -2.0172E-002  -9.3351E-003  -3.0191E-002   3.2418E-003  -5.4999E-003   9.1222E-003   8.5570E-003   3.4034E-002  -1.2488E-004  -1.2710E-003  -2.2171E-003  -1.3903E-002   1.8347E-002   8.8506E-002  
 2.2133E+000  -2.4731E+000   9.0164E-015   1.7855E-001   7.4259E-016   1.2663E-001   2.5727E-015  -1.4041E-001  -6.0287E-015   2.1806E-001  -5.5156E-002   1.7135E-002   2.0777E-015  -1.0831E-002  -2.5695E-015  -1.2929E-002  -4.2521E-015  -4.9641E-002  -5.5153E-016  -3.4423E-003   2.2694E-015  -1.4554E-002   1.9536E-002   9.3375E-002  
 1.9755E+000  -1.7819E+000  -1.2118E+000   1.0296E-001   1.0881E-001   2.8355E-001   5.4081E-002  -1.7408E-001   2.1213E-003  -2.1680E-001  -5.8673E-002   4.9731E-004   1.4847E-002   5.4800E-003   9.3944E-003   5.0047E-004  -2.3545E-002   4.9692E-002   1.9111E-004  -1.7172E-003   2.9779E-003  -1.4696E-002   1.9480E-002   9.9112E-002  
 1.5009E+000  -3.7469E-001  -1.2258E+000  -4.8192E-002   4.9356E-001  -6.1423E-002   4.9892E-002  -2.3409E-001  -2.1866E-003   2.1445E-001  -6.5696E-002  -8.4954E-003   9.2908E-004   5.3922E-003  -9.3738E-003   2.7918E-002  -2.3769E-002  -4.9843E-002  -1.4089E-004   1.7384E-003   2.9238E-003  -1.4832E-002   1.9323E-002   9.4273E-002  
 1.2639E+000   3.4091E-001  -2.1739E-007  -1.2381E-001   1.2037E-007  -5.7174E-001   9.7215E-009  -2.6051E-001   1.0101E-007  -2.1332E-001  -6.9187E-002  -1.2056E-003  -3.5161E-009  -1.0755E-002   4.6859E-009   4.1714E-002  -2.6609E-009   4.9966E-002  -2.0786E-008   3.4175E-003  -1.8358E-009  -1.4800E-002   1.9244E-002   9.1870E-002  
 1.5009E+000  -3.7469E-001   1.2258E+000  -4.8192E-002  -4.9356E-001  -6.1423E-002  -4.9892E-002  -2.3409E-001   2.1864E-003   2.1445E-001  -6.5696E-002  -8.4954E-003  -9.2907E-004   5.3922E-003   9.3738E-003   2.7918E-002   2.3769E-002  -4.9843E-002   1.4093E-004   1.7384E-003  -2.9238E-003  -1.4832E-002   1.9323E-002   9.4273E-002  
 1.9755E+000  -1.7819E+000   1.2118E+000   1.0296E-001  -1.0881E-001   2.8355E-001  -5.4081E-002  -1.7408E-001  -2.1211E-003  -2.1680E-001  -5.8673E-002   4.9730E-004  -1.4847E-002   5.4800E-003  -9.3944E-003   5.0047E-004   2.3545E-002   4.9692E-002  -1.9115E-004  -1.7172E-003  -2.9779E-003  -1.4696E-002   1.9480E-002   9.9112E-002  
 2.0044E+000  -2.0987E+000  -1.0164E+000   1.4541E-001   7.3929E-002   2.4017E-001   3.8680E-002  -1.6662E-001   1.4515E-001  -1.4276E-001  -4.9368E-002   6.2660E-003   1.8786E-002   1.0003E-002  -2.6870E-005  -2.4523E-003  -1.6589E-002   3.2985E-002  -3.2803E-002   2.3714E-003   2.3481E-003  -1.4411E-002   1.9314E-002   9.1595E-002  
 1.3462E+000  -5.0265E-002  -1.0320E+000  -6.4253E-002   4.1022E-001  -2.4028E-001   3.4000E-002  -2.3928E-001   1.4045E-001   1.4288E-001  -5.9121E-002  -6.2901E-003  -6.0533E-003   9.9370E-003  -1.0956E-005   3.0999E-002  -1.6852E-002  -3.2953E-002  -3.3155E-002  -2.3277E-003   2.3349E-003  -1.4602E-002   1.9094E-002   9.0591E-002  
 1.3462E+000  -5.0265E-002   1.0320E+000  -6.4253E-002  -4.1022E-001  -2.4028E-001  -3.4000E-002  -2.3928E-001  -1.4045E-001   1.4288E-001  -5.9121E-002  -6.2901E-003   6.0533E-003   9.9370E-003   1.0956E-005   3.0999E-002   1.6852E-002  -3.2953E-002   3.3155E-002  -2.3277E-003  -2.3349E-003  -1.4602E-002   1.9094E-002   9.0591E-002  
 2.0044E+000  -2.0987E+000   1.0164E+000   1.4541E-001  -7.3929E-002   2.4017E-001  -3.8680E-002  -1.6662E-001  -1.4515E-001  -1.4276E-001  -4.9368E-002   6.2660E-003  -1.8786E-002   1.0003E-002   2.6870E-005  -2.4523E-003   1.6589E-002   3.2985E-002   3.2803E-002   2.3714E-003  -2.3481E-003  -1.4411E-002   1.9314E-002   9.1595E-002  
