-8.9175E-001  -2.7056E+000   7.7716E-016  -4.6326E-002  -3.9613E-015  -2.7383E-004   5.4193E-015  -5.1368E-001  -5.1873E-015  -5.3035E-007   8.4626E-002  -2.6220E-005  -1.0054E-016  -4.7074E-006   1.1757E-015   3.5200E-002   8.7708E-015  -9.2263E-007  -6.2132E-015  -7.1309E-007   3.2186E-015  -2.4737E-002   2.0930E-003   8.4942E-003  
-4.4863E-001  -3.3461E+000   3.6170E-016   6.1846E-002   8.2264E-015   2.4172E-001  -6.9345E-016  -5.3428E-001   3.3871E-015   2.1542E-003   8.4084E-002   1.0652E-002   8.9869E-016  -1.3126E-005  -2.8793E-015   4.2597E-002  -1.2284E-015  -3.8054E-004   7.5982E-016  -5.4829E-006   1.2505E-016  -2.3635E-002   3.2602E-003   2.5363E-002  
-5.7835E-001  -3.0264E+000  -5.5559E-001   2.0542E-002   2.0955E-001   6.8997E-002  -1.8152E-002  -5.2412E-001   2.8921E-004  -1.9994E-003   8.2131E-002  -4.0129E-004   9.2525E-003  -1.6460E-006   6.5937E-006   3.8892E-002   6.3845E-003   3.8935E-004   2.8719E-005  -3.1441E-006  -2.6144E-006  -2.3672E-002   3.2131E-003   2.3187E-002  
-8.3778E-001  -2.3837E+000  -5.5746E-001  -6.2065E-002   1.2005E-001  -1.2121E-001  -1.8714E-002  -5.0283E-001  -2.8993E-004   1.6644E-003   7.8223E-002  -5.3616E-003  -6.5307E-004  -2.2206E-006  -6.6786E-006   3.1537E-002   6.3540E-003  -4.2229E-004  -2.4957E-005   1.3649E-006  -2.4740E-006  -2.3748E-002   3.1131E-003   2.1163E-002  
-9.6750E-001  -2.0608E+000  -9.9127E-008  -1.0337E-001   1.3365E-008  -1.3895E-001  -3.3608E-009  -4.9170E-001   6.7575E-010  -1.4883E-003   7.6268E-002   7.1792E-004  -9.4460E-010  -1.3543E-005   3.3406E-011   2.7886E-002   1.1305E-009   4.3955E-004  -2.2414E-010   3.6664E-006  -4.1166E-011  -2.3788E-002   3.0604E-003   2.1296E-002  
-8.3778E-001  -2.3837E+000   5.5746E-001  -6.2065E-002  -1.2005E-001  -1.2121E-001   1.8714E-002  -5.0283E-001   2.8992E-004   1.6644E-003   7.8223E-002  -5.3616E-003   6.5308E-004  -2.2206E-006   6.6786E-006   3.1537E-002  -6.3540E-003  -4.2229E-004   2.4958E-005   1.3649E-006   2.4740E-006  -2.3748E-002   3.1131E-003   2.1163E-002  
-5.7835E-001  -3.0264E+000   5.5559E-001   2.0542E-002  -2.0955E-001   6.8997E-002   1.8152E-002  -5.2412E-001  -2.8921E-004  -1.9994E-003   8.2131E-002  -4.0129E-004  -9.2525E-003  -1.6461E-006  -6.5936E-006   3.8892E-002  -6.3845E-003   3.8935E-004  -2.8720E-005  -3.1441E-006   2.6146E-006  -2.3672E-002   3.2131E-003   2.3187E-002  
 5.2949E-001  -3.9955E+000   9.6544E-016   2.4034E-001  -3.5831E-015   6.1297E-001  -2.9866E-015  -5.4561E-001   3.7281E-015   2.2922E-002   6.9131E-002   3.4494E-002  -1.9630E-015  -2.3091E-004   7.4289E-015   4.7109E-002  -3.3828E-015  -4.4095E-003   4.9300E-015  -5.4217E-005   1.8427E-016  -1.9702E-002   8.7967E-003   6.4612E-002  
 2.4064E-001  -3.3531E+000  -1.1216E+000   1.4836E-001   5.3071E-001   1.1637E-001  -2.9154E-002  -5.3034E-001   1.4014E-003  -2.2142E-002   6.4791E-002  -6.2319E-003   2.9897E-002   1.0691E-004   1.9764E-004   4.1118E-002   1.0200E-002   4.4651E-003   1.3249E-004  -2.7194E-005   2.9256E-005  -1.9803E-002   8.6727E-003   6.0854E-002  
-3.3693E-001  -2.0527E+000  -1.1307E+000  -3.5558E-002   2.0282E-001  -3.0623E-001  -3.1875E-002  -4.9510E-001  -1.4085E-003   2.0531E-002   5.6108E-002  -1.7242E-002  -1.0726E-002   1.0209E-004  -1.9709E-004   2.9448E-002   1.0032E-002  -4.6116E-003  -1.2576E-004   2.4212E-005   3.2119E-005  -1.9995E-002   8.3768E-003   5.8284E-002  
-6.2571E-001  -1.3946E+000  -2.0141E-007  -1.2752E-001   7.0849E-009  -2.3495E-001  -5.9092E-009  -4.7512E-001   9.3409E-009  -1.9702E-002   5.1764E-002   1.2300E-002  -5.5572E-009  -2.2634E-004   1.5524E-010   2.3748E-002   1.7800E-009   4.6955E-003  -2.1927E-009   5.5610E-005  -4.1808E-011  -2.0082E-002   8.2098E-003   5.9478E-002  
-3.3693E-001  -2.0527E+000   1.1307E+000  -3.5558E-002  -2.0282E-001  -3.0623E-001   3.1875E-002  -4.9510E-001   1.4085E-003   2.0531E-002   5.6108E-002  -1.7242E-002   1.0726E-002   1.0209E-004   1.9709E-004   2.9448E-002  -1.0032E-002  -4.6116E-003   1.2576E-004   2.4212E-005  -3.2119E-005  -1.9995E-002   8.3768E-003   5.8284E-002  
 2.4064E-001  -3.3531E+000   1.1216E+000   1.4836E-001  -5.3071E-001   1.1637E-001   2.9154E-002  -5.3034E-001  -1.4013E-003  -2.2142E-002   6.4791E-002  -6.2319E-003  -2.9897E-002   1.0691E-004  -1.9764E-004   4.1118E-002  -1.0200E-002   4.4651E-003  -1.3249E-004  -2.7194E-005  -2.9256E-005  -1.9803E-002   8.6727E-003   6.0854E-002  
 1.6079E+000  -4.2934E+000  -4.7217E-015   3.7785E-001   3.5607E-015   8.3564E-001  -1.0481E-014  -5.2699E-001   9.1504E-015   7.7200E-002   3.7058E-002   5.1872E-002  -3.9863E-015  -1.6752E-003  -2.5613E-015   4.2421E-002  -1.5962E-014  -1.5426E-002   6.0851E-015  -6.2216E-004  -3.2873E-015  -1.4670E-002   1.5716E-002   8.6805E-002  
 1.1809E+000  -3.5049E+000  -1.3848E+000   2.4187E-001   7.2273E-001   2.0656E-001  -1.4713E-002  -5.2185E-001   2.9624E-003  -7.5505E-002   3.0624E-002  -9.6045E-003   4.4876E-002   8.6949E-004   1.4823E-003   3.8701E-002   5.9216E-003   1.5578E-002   2.7603E-004  -3.2080E-004   5.5328E-004  -1.4889E-002   1.5488E-002   8.7067E-002  
 3.2754E-001  -1.8950E+000  -1.4039E+000  -2.9943E-002   3.6071E-001  -4.1614E-001  -2.0482E-002  -5.0153E-001  -2.9823E-003   7.2128E-002   1.7841E-002  -2.5822E-002  -1.6469E-002   8.4882E-004  -1.4899E-003   3.2107E-002   5.5326E-003  -1.5887E-002  -2.4759E-004   3.2534E-004   5.5489E-004  -1.5216E-002   1.5060E-002   8.4843E-002  
-9.9108E-002  -1.0732E+000  -2.5056E-007  -1.6590E-001   3.2423E-008  -4.1827E-001  -4.1188E-009  -4.8637E-001   3.3149E-008  -7.0405E-002   1.1477E-002   1.8823E-002  -8.5215E-009  -1.7091E-003   7.8419E-010   2.9146E-002   1.0544E-009   1.6073E-002  -7.1521E-009   6.7453E-004  -3.3188E-010  -1.5380E-002   1.4824E-002   8.2705E-002  
 3.2754E-001  -1.8950E+000   1.4039E+000  -2.9943E-002  -3.6071E-001  -4.1614E-001   2.0482E-002  -5.0153E-001   2.9822E-003   7.2128E-002   1.7841E-002  -2.5822E-002   1.6469E-002   8.4882E-004   1.4899E-003   3.2107E-002  -5.5326E-003  -1.5887E-002   2.4760E-004   3.2534E-004  -5.5489E-004  -1.5216E-002   1.5060E-002   8.4842E-002  
 1.1809E+000  -3.5049E+000   1.3848E+000   2.4187E-001  -7.2273E-001   2.0656E-001   1.4713E-002  -5.2185E-001  -2.9623E-003  -7.5505E-002   3.0624E-002  -9.6045E-003  -4.4876E-002   8.6949E-004  -1.4823E-003   3.8701E-002  -5.9216E-003   1.5578E-002  -2.7604E-004  -3.2080E-004  -5.5328E-004  -1.4889E-002   1.5488E-002   8.7067E-002  
 2.4538E+000  -4.2482E+000   1.0816E-014   4.2151E-001   9.4158E-016   8.0153E-001   9.2784E-015  -4.8339E-001  -2.0931E-014   1.5520E-001  -7.5426E-003   4.7179E-002   3.3892E-015  -6.3925E-003   3.8673E-015   2.5869E-002   1.0545E-014  -3.3784E-002  -9.7869E-015  -2.5295E-003   1.9443E-014  -1.3635E-002   1.8642E-002   8.8611E-002  
 1.9217E+000  -3.4852E+000  -1.3504E+000   2.5216E-001   6.9232E-001   3.7672E-001   2.1600E-002  -5.0081E-001   4.4107E-003  -1.5272E-001  -1.5419E-002  -3.2932E-003   4.0842E-002   3.2583E-003   5.5237E-003   3.0449E-002  -8.3787E-003   3.3917E-002   3.7677E-004  -1.2799E-003   2.2444E-003  -1.3768E-002   1.8501E-002   8.9359E-002  
 8.5817E-001  -1.9094E+000  -1.3793E+000  -8.6626E-002   6.5758E-001  -3.9740E-001   1.2929E-002  -5.2067E-001  -4.5257E-003   1.4775E-001  -3.1278E-002  -2.3473E-002  -5.3782E-003   3.1782E-003  -5.4854E-003   4.0586E-002  -8.9448E-003  -3.4305E-002  -4.0193E-004   1.2810E-003   2.1733E-003  -1.4164E-002   1.8053E-002   8.7348E-002  
 3.2653E-001  -1.0964E+000  -2.4661E-007  -2.5608E-001   1.1384E-007  -7.6238E-001   2.0616E-009  -5.2319E-001   6.8879E-008  -1.4530E-001  -3.9169E-002   6.0306E-003  -6.1540E-009  -6.2734E-003   2.7021E-009   4.6007E-002  -9.4094E-010   3.4544E-002  -1.4645E-008   2.4636E-003  -1.1019E-009  -1.4325E-002   1.7818E-002   8.4667E-002  
 8.5817E-001  -1.9094E+000   1.3793E+000  -8.6626E-002  -6.5758E-001  -3.9741E-001  -1.2929E-002  -5.2067E-001   4.5256E-003   1.4775E-001  -3.1278E-002  -2.3473E-002   5.3782E-003   3.1782E-003   5.4854E-003   4.0586E-002   8.9448E-003  -3.4305E-002   4.0196E-004   1.2810E-003  -2.1733E-003  -1.4164E-002   1.8053E-002   8.7348E-002  
 1.9217E+000  -3.4852E+000   1.3504E+000   2.5216E-001  -6.9232E-001   3.7672E-001  -2.1600E-002  -5.0081E-001  -4.4106E-003  -1.5272E-001  -1.5419E-002  -3.2933E-003  -4.0842E-002   3.2583E-003  -5.5237E-003   3.0449E-002   8.3787E-003   3.3917E-002  -3.7680E-004  -1.2799E-003  -2.2444E-003  -1.3768E-002   1.8501E-002   8.9359E-002  
 2.9252E+000  -4.0723E+000   8.4264E-015   4.0525E-001   4.0152E-015   6.5014E-001  -1.1420E-014  -4.4107E-001   8.9877E-015   2.2158E-001  -4.4612E-002   3.0876E-002  -6.7711E-016  -1.0914E-002  -1.1112E-014   8.6946E-003  -7.2569E-015  -4.9399E-002   7.3200E-015  -3.4952E-003  -3.1501E-015  -1.4337E-002   1.9786E-002   9.5995E-002  
 2.3313E+000  -3.3993E+000  -1.2013E+000   2.1625E-001   5.6056E-001   5.4203E-001   5.7211E-002  -4.8021E-001   5.3520E-003  -2.1857E-001  -5.3426E-002   7.2202E-003   2.6693E-002   5.5352E-003   9.4136E-003   2.1825E-002  -2.3365E-002   4.9573E-002   4.4687E-004  -1.7111E-003   3.0142E-003  -1.4584E-002   1.9608E-002   1.0091E-001  
 1.1449E+000  -1.9921E+000  -1.2364E+000  -1.6162E-001   9.4533E-001  -3.2040E-001   4.6759E-002  -5.4022E-001  -5.4159E-003   2.1270E-001  -7.0961E-002  -1.5258E-002   1.2738E-002   5.3220E-003  -9.3654E-003   4.9210E-002  -2.3921E-002  -4.9951E-002  -3.7743E-004   1.7572E-003   2.8926E-003  -1.4919E-002   1.9225E-002   9.5231E-002  
 5.5174E-001  -1.2582E+000  -2.2114E-007  -3.5066E-001   2.0148E-007  -1.0958E+000   8.5793E-009  -5.6119E-001   9.9960E-008  -2.0978E-001  -7.9719E-002  -1.4966E-002  -1.3665E-009  -1.0690E-002   4.7396E-009   6.3287E-002  -2.7807E-009   5.0201E-002  -2.0980E-008   3.3972E-003  -1.8880E-009  -1.4978E-002   1.9032E-002   9.0635E-002  
 1.1449E+000  -1.9921E+000   1.2364E+000  -1.6162E-001  -9.4533E-001  -3.2040E-001  -4.6759E-002  -5.4022E-001   5.4157E-003   2.1270E-001  -7.0961E-002  -1.5258E-002  -1.2738E-002   5.3220E-003   9.3654E-003   4.9210E-002   2.3921E-002  -4.9951E-002   3.7747E-004   1.7572E-003  -2.8926E-003  -1.4919E-002   1.9225E-002   9.5231E-002  
 2.3313E+000  -3.3993E+000   1.2013E+000   2.1625E-001  -5.6057E-001   5.4203E-001  -5.7211E-002  -4.8021E-001  -5.3518E-003  -2.1857E-001  -5.3426E-002   7.2202E-003  -2.6693E-002   5.5352E-003  -9.4136E-003   2.1825E-002   2.3365E-002   4.9573E-002  -4.4691E-004  -1.7111E-003  -3.0142E-003  -1.4584E-002   1.9608E-002   1.0091E-001  
 2.4980E+000  -3.7105E+000  -1.0046E+000   3.0255E-001   4.3701E-001   6.0026E-001   4.2168E-002  -4.7106E-001   1.4866E-001  -1.4266E-001  -4.2072E-002   1.5673E-002   2.8318E-002   1.0068E-002  -5.6066E-005   1.8962E-002  -1.6401E-002   3.3026E-002  -3.2543E-002   2.4177E-003   2.3572E-003  -1.4258E-002   1.9493E-002   9.8272E-002  
 8.5238E-001  -1.6619E+000  -1.0438E+000  -2.2157E-001   7.7336E-001  -6.0086E-001   3.0478E-002  -5.4371E-001   1.3693E-001   1.4297E-001  -6.6443E-002  -1.5720E-002   3.4721E-003   9.8946E-003  -5.4267E-005   5.2392E-002  -1.7034E-002  -3.2945E-002  -3.3415E-002  -2.2923E-003   2.3393E-003  -1.4739E-002   1.8937E-002   9.0963E-002  
 8.5238E-001  -1.6619E+000   1.0438E+000  -2.2157E-001  -7.7336E-001  -6.0086E-001  -3.0478E-002  -5.4371E-001  -1.3693E-001   1.4297E-001  -6.6443E-002  -1.5720E-002  -3.4721E-003   9.8946E-003   5.4267E-005   5.2392E-002   1.7034E-002  -3.2945E-002   3.3415E-002  -2.2923E-003  -2.3393E-003  -1.4739E-002   1.8937E-002   9.0963E-002  
 2.4980E+000  -3.7105E+000   1.0046E+000   3.0255E-001  -4.3701E-001   6.0026E-001  -4.2168E-002  -4.7106E-001  -1.4866E-001  -1.4266E-001  -4.2072E-002   1.5673E-002  -2.8318E-002   1.0068E-002   5.6066E-005   1.8962E-002   1.6401E-002   3.3026E-002   3.2543E-002   2.4177E-003  -2.3572E-003  -1.4258E-002   1.9493E-002   9.8272E-002  
