-8.9177E-001  -3.2467E+000   5.5511E-015  -4.6369E-002  -8.0527E-015  -3.9432E-004   5.9119E-015  -6.1641E-001  -5.6957E-015  -6.2153E-007   8.4617E-002  -3.7757E-005   3.8616E-016  -4.7074E-006  -4.9794E-015   4.2239E-002   5.7176E-015  -1.1068E-006  -5.9342E-015  -8.5562E-007   2.3176E-015  -2.4737E-002   2.1097E-003   8.7787E-003  
-3.9677E-001  -3.8868E+000  -1.4647E-016   7.8325E-002   2.0776E-015   2.7967E-001  -2.2529E-016  -6.3688E-001   1.5103E-015   2.2191E-003   8.4857E-002   1.1634E-002   1.5884E-015  -1.3081E-005  -6.7038E-015   4.9645E-002  -1.0941E-015  -3.7470E-004   3.8738E-016  -5.6644E-006  -1.7127E-015  -2.3619E-002   3.2918E-003   2.5771E-002  
-5.5243E-001  -3.5674E+000  -5.5541E-001   2.8760E-002   2.4251E-001   8.7897E-002  -1.8097E-002  -6.2682E-001   3.4570E-004  -2.0337E-003   8.2513E-002   8.3208E-005   1.0112E-002  -1.5906E-006   6.5883E-006   4.5935E-002   6.3875E-003   3.8603E-004   3.4035E-005  -3.3218E-006  -2.6286E-006  -2.3665E-002   3.2352E-003   2.3389E-002  
-8.6375E-001  -2.9247E+000  -5.5765E-001  -7.0369E-002   1.5301E-001  -1.4035E-001  -1.8772E-002  -6.0553E-001  -3.4927E-004   1.6318E-003   7.7823E-002  -5.8692E-003   2.0688E-004  -2.2798E-006  -6.6904E-006   3.8580E-002   6.3509E-003  -4.2556E-004  -3.0377E-005   1.1867E-006  -2.4600E-006  -2.3756E-002   3.1157E-003   2.0960E-002  
-1.0194E+000  -2.6015E+000  -9.9133E-008  -1.1994E-001   1.9243E-008  -1.7714E-001  -3.3975E-009  -5.9430E-001   6.5241E-010  -1.4200E-003   7.5477E-002  -2.8705E-004  -8.6504E-010  -1.3581E-005  -8.3342E-012   3.4934E-002   1.0640E-009   4.4551E-004  -2.1293E-010   3.4847E-006   2.7692E-012  -2.3803E-002   3.0529E-003   2.0890E-002  
-8.6375E-001  -2.9247E+000   5.5765E-001  -7.0369E-002  -1.5301E-001  -1.4035E-001   1.8772E-002  -6.0553E-001   3.4926E-004   1.6318E-003   7.7823E-002  -5.8692E-003  -2.0688E-004  -2.2798E-006   6.6904E-006   3.8580E-002  -6.3509E-003  -4.2556E-004   3.0378E-005   1.1867E-006   2.4600E-006  -2.3756E-002   3.1157E-003   2.0960E-002  
-5.5243E-001  -3.5674E+000   5.5541E-001   2.8760E-002  -2.4251E-001   8.7897E-002   1.8097E-002  -6.2682E-001  -3.4570E-004  -2.0337E-003   8.2513E-002   8.3204E-005  -1.0112E-002  -1.5905E-006  -6.5883E-006   4.5935E-002  -6.3875E-003   3.8603E-004  -3.4035E-005  -3.3219E-006   2.6287E-006  -2.3665E-002   3.2352E-003   2.3389E-002  
 6.4498E-001  -4.5345E+000   1.4430E-015   2.7708E-001   9.6626E-015   6.9763E-001  -3.5526E-015  -6.4769E-001   5.5029E-015   2.3241E-002   7.0859E-002   3.6701E-002  -4.5790E-016  -2.3135E-004  -6.6128E-015   5.4195E-002  -3.4989E-015  -4.3810E-003  -9.8960E-016  -5.4082E-005  -3.8174E-015  -1.9664E-002   8.8598E-003   6.5127E-002  
 2.9837E-001  -3.8937E+000  -1.1207E+000   1.6671E-001   6.0406E-001   1.5851E-001  -2.8886E-002  -6.3289E-001   1.6793E-003  -2.2305E-002   6.5650E-002  -5.1424E-003   3.1814E-002   1.0737E-004   1.9771E-004   4.8174E-002   1.0216E-002   4.4504E-003   1.5823E-004  -2.7484E-005   2.8969E-005  -1.9784E-002   8.7083E-003   6.1110E-002  
-3.9471E-001  -2.5933E+000  -1.1316E+000  -5.3995E-002   2.7617E-001  -3.4861E-001  -3.2150E-002  -5.9764E-001  -1.6926E-003   2.0371E-002   5.5230E-002  -1.8355E-002  -8.8084E-003   1.0160E-004  -1.9705E-004   3.6505E-002   1.0015E-002  -4.6262E-003  -1.5172E-004   2.3914E-005   3.2406E-005  -2.0014E-002   8.3534E-003   5.8026E-002  
-7.4126E-001  -1.9336E+000  -2.0174E-007  -1.6435E-001   2.0103E-008  -3.1987E-001  -6.0543E-009  -5.7719E-001   9.2280E-009  -1.9376E-002   5.0018E-002   1.0069E-002  -5.2210E-009  -2.2586E-004   1.6349E-010   3.0834E-002   1.7851E-009   4.7241E-003  -2.2091E-009   5.5759E-005  -1.4997E-011  -2.0120E-002   8.1558E-003   5.8966E-002  
-3.9471E-001  -2.5933E+000   1.1316E+000  -5.3995E-002  -2.7617E-001  -3.4861E-001   3.2150E-002  -5.9764E-001   1.6926E-003   2.0371E-002   5.5230E-002  -1.8355E-002   8.8084E-003   1.0160E-004   1.9705E-004   3.6505E-002  -1.0015E-002  -4.6262E-003   1.5172E-004   2.3914E-005  -3.2406E-005  -2.0014E-002   8.3534E-003   5.8026E-002  
 2.9837E-001  -3.8937E+000   1.1207E+000   1.6671E-001  -6.0406E-001   1.5851E-001   2.8886E-002  -6.3289E-001  -1.6792E-003  -2.2305E-002   6.5650E-002  -5.1424E-003  -3.1814E-002   1.0737E-004  -1.9771E-004   4.8174E-002  -1.0216E-002   4.4504E-003  -1.5824E-004  -2.7484E-005  -2.8969E-005  -1.9784E-002   8.7083E-003   6.1110E-002  
 1.7786E+000  -4.8301E+000  -4.4101E-015   4.3219E-001   2.6639E-015   9.6091E-001  -1.9077E-014  -6.2832E-001   1.6183E-014   7.7888E-002   3.9624E-002   5.5188E-002   8.1224E-015  -1.6628E-003  -1.1355E-014   4.9609E-002  -2.7485E-014  -1.5347E-002   1.7623E-014  -6.1283E-004  -1.1240E-014  -1.4573E-002   1.5832E-002   8.9906E-002  
 1.2662E+000  -4.0450E+000  -1.3829E+000   2.6901E-001   8.3107E-001   2.6870E-001  -1.4143E-002  -6.2419E-001   3.5529E-003  -7.5844E-002   3.1891E-002  -7.9939E-003   4.7716E-002   8.7172E-004   1.4829E-003   4.5781E-002   5.9594E-003   1.5549E-002   3.2881E-004  -3.2138E-004   5.5355E-004  -1.4858E-002   1.5534E-002   8.7606E-002  
 2.4217E-001  -2.4349E+000  -1.4059E+000  -5.7170E-002   4.6906E-001  -4.7854E-001  -2.1061E-002  -6.0386E-001  -3.5816E-003   7.1794E-002   1.6556E-002  -2.7455E-002  -1.3628E-002   8.4654E-004  -1.4893E-003   3.9188E-002   5.4940E-003  -1.5916E-002  -3.0039E-004   3.2471E-004   5.5457E-004  -1.5248E-002   1.5023E-002   8.4916E-002  
-2.6985E-001  -1.6099E+000  -2.5125E-007  -2.2031E-001   5.1790E-008  -5.4379E-001  -4.3507E-009  -5.8770E-001   3.2968E-008  -6.9728E-002   8.9117E-003   1.5517E-002  -8.0001E-009  -1.7064E-003   7.5255E-010   3.6289E-002   1.0721E-009   1.6133E-002  -7.1877E-009   6.7304E-004  -2.7985E-010  -1.5441E-002   1.4744E-002   8.2227E-002  
 2.4217E-001  -2.4349E+000   1.4059E+000  -5.7170E-002  -4.6906E-001  -4.7854E-001   2.1061E-002  -6.0386E-001   3.5815E-003   7.1794E-002   1.6556E-002  -2.7455E-002   1.3628E-002   8.4654E-004   1.4893E-003   3.9188E-002  -5.4940E-003  -1.5916E-002   3.0040E-004   3.2471E-004  -5.5457E-004  -1.5248E-002   1.5023E-002   8.4916E-002  
 1.2662E+000  -4.0450E+000   1.3829E+000   2.6901E-001  -8.3107E-001   2.6870E-001   1.4143E-002  -6.2419E-001  -3.5528E-003  -7.5844E-002   3.1891E-002  -7.9939E-003  -4.7716E-002   8.7171E-004  -1.4829E-003   4.5781E-002  -5.9594E-003   1.5549E-002  -3.2882E-004  -3.2138E-004  -5.5355E-004  -1.4858E-002   1.5534E-002   8.7605E-002  
 2.6665E+000  -4.7827E+000  -7.0091E-015   4.8924E-001   6.5064E-015   9.5778E-001  -9.9169E-015  -5.8405E-001   1.0460E-015   1.5619E-001  -4.3808E-003   5.1296E-002   1.0220E-015  -6.4111E-003  -6.4125E-015   3.3082E-002  -1.7759E-014  -3.3708E-002   8.8449E-015  -2.5494E-003  -2.5256E-015  -1.3547E-002   1.8737E-002   9.1040E-002  
 2.0280E+000  -4.0247E+000  -1.3475E+000   2.8601E-001   8.2731E-001   4.5400E-001   2.2473E-002  -6.0296E-001   5.2978E-003  -1.5323E-001  -1.3834E-002  -1.2949E-003   4.4400E-002   3.2648E-003   5.5206E-003   3.7559E-002  -8.3090E-003   3.3869E-002   4.5453E-004  -1.2752E-003   2.2508E-003  -1.3721E-002   1.8556E-002   9.1775E-002  
 7.5179E-001  -2.4488E+000  -1.3822E+000  -1.2054E-001   7.9257E-001  -4.7495E-001   1.2061E-002  -6.2282E-001  -5.4194E-003   1.4726E-001  -3.2867E-002  -2.5503E-002  -1.8439E-003   3.1671E-003  -5.4832E-003   4.7679E-002  -8.9912E-003  -3.4342E-002  -4.7554E-004   1.2834E-003   2.1671E-003  -1.4195E-002   1.8018E-002   8.7432E-002  
 1.1375E-001  -1.6308E+000  -2.4764E-007  -3.2389E-001   1.3797E-007  -9.1892E-001   1.7379E-009  -6.2383E-001   6.8618E-008  -1.4430E-001  -4.2342E-002   1.8980E-003  -5.5457E-009  -6.2677E-003   2.6433E-009   5.3198E-002  -9.0831E-010   3.4624E-002  -1.4638E-008   2.4643E-003  -1.0800E-009  -1.4394E-002   1.7738E-002   8.4284E-002  
 7.5179E-001  -2.4488E+000   1.3822E+000  -1.2054E-001  -7.9257E-001  -4.7495E-001  -1.2061E-002  -6.2282E-001   5.4192E-003   1.4726E-001  -3.2867E-002  -2.5503E-002   1.8440E-003   3.1672E-003   5.4832E-003   4.7679E-002   8.9912E-003  -3.4342E-002   4.7557E-004   1.2834E-003  -2.1671E-003  -1.4195E-002   1.8018E-002   8.7432E-002  
 2.0280E+000  -4.0247E+000   1.3475E+000   2.8601E-001  -8.2731E-001   4.5400E-001  -2.2473E-002  -6.0296E-001  -5.2976E-003  -1.5323E-001  -1.3834E-002  -1.2949E-003  -4.4400E-002   3.2648E-003  -5.5206E-003   3.7559E-002   8.3090E-003   3.3869E-002  -4.5456E-004  -1.2752E-003  -2.2508E-003  -1.3721E-002   1.8556E-002   9.1775E-002  
 3.1625E+000  -4.6054E+000  -4.2436E-015   4.8078E-001  -3.9855E-015   8.2458E-001   2.2432E-015  -5.4131E-001   1.6710E-015   2.2276E-001  -4.1112E-002   3.5443E-002  -6.2947E-015  -1.0939E-002   8.0337E-015   1.5885E-002   1.0081E-014  -4.9319E-002  -1.2163E-014  -3.5076E-003  -2.6651E-015  -1.4277E-002   1.9861E-002   9.6391E-002  
 2.4499E+000  -3.9385E+000  -1.1978E+000   2.5398E-001   7.1114E-001   6.2815E-001   5.8245E-002  -5.8227E-001   6.4196E-003  -2.1916E-001  -5.1686E-002   9.4554E-003   3.0629E-002   5.5585E-003   9.4166E-003   2.8922E-002  -2.3314E-002   4.9536E-002   5.2556E-004  -1.7049E-003   3.0247E-003  -1.4555E-002   1.9649E-002   1.0169E-001  
 1.0262E+000  -2.5312E+000  -1.2399E+000  -1.9944E-001   1.0959E+000  -4.0677E-001   4.5709E-002  -6.4226E-001  -6.4946E-003   2.1212E-001  -7.2721E-002  -1.7519E-002   1.6670E-002   5.2985E-003  -9.3632E-003   5.6305E-002  -2.3967E-002  -4.9990E-002  -4.5558E-004   1.7629E-003   2.8819E-003  -1.4946E-002   1.9192E-002   9.5536E-002  
 3.1433E-001  -1.7912E+000  -2.2237E-007  -4.2630E-001   2.2853E-007  -1.2705E+000   8.2837E-009  -6.6141E-001   9.9558E-008  -2.0859E-001  -8.3236E-002  -1.9561E-002  -5.4581E-010  -1.0663E-002   4.7660E-009   7.0484E-002  -2.7630E-009   5.0279E-002  -2.1012E-008   3.3821E-003  -1.9128E-009  -1.5040E-002   1.8960E-002   9.0302E-002  
 1.0262E+000  -2.5312E+000   1.2399E+000  -1.9945E-001  -1.0959E+000  -4.0677E-001  -4.5709E-002  -6.4226E-001   6.4944E-003   2.1212E-001  -7.2721E-002  -1.7519E-002  -1.6670E-002   5.2985E-003   9.3632E-003   5.6305E-002   2.3967E-002  -4.9990E-002   4.5562E-004   1.7629E-003  -2.8819E-003  -1.4946E-002   1.9192E-002   9.5536E-002  
 2.4499E+000  -3.9385E+000   1.1978E+000   2.5398E-001  -7.1114E-001   6.2815E-001  -5.8245E-002  -5.8227E-001  -6.4194E-003  -2.1916E-001  -5.1686E-002   9.4554E-003  -3.0629E-002   5.5585E-003  -9.4166E-003   2.8922E-002   2.3314E-002   4.9536E-002  -5.2560E-004  -1.7049E-003  -3.0247E-003  -1.4555E-002   1.9649E-002   1.0169E-001  
 2.6625E+000  -4.2477E+000  -1.0008E+000   3.5490E-001   5.5802E-001   7.2023E-001   4.3329E-002  -5.7255E-001   1.4982E-001  -1.4263E-001  -3.9649E-002   1.8798E-002   3.1484E-002   1.0086E-002  -7.0089E-005   2.6086E-002  -1.6347E-002   3.3032E-002  -3.2461E-002   2.4295E-003   2.3579E-003  -1.4218E-002   1.9550E-002   9.9022E-002  
 6.8777E-001  -2.1991E+000  -1.0477E+000  -2.7403E-001   8.9440E-001  -7.2110E-001   2.9295E-002  -6.4517E-001   1.3577E-001   1.4300E-001  -6.8894E-002  -1.8859E-002   6.6445E-003   9.8741E-003  -7.4559E-005   5.9519E-002  -1.7098E-002  -3.2946E-002  -3.3495E-002  -2.2741E-003   2.3372E-003  -1.4786E-002   1.8882E-002   9.1229E-002  
 6.8777E-001  -2.1991E+000   1.0477E+000  -2.7403E-001  -8.9440E-001  -7.2110E-001  -2.9295E-002  -6.4517E-001  -1.3577E-001   1.4300E-001  -6.8894E-002  -1.8859E-002  -6.6445E-003   9.8741E-003   7.4559E-005   5.9519E-002   1.7098E-002  -3.2946E-002   3.3495E-002  -2.2741E-003  -2.3372E-003  -1.4786E-002   1.8882E-002   9.1229E-002  
 2.6625E+000  -4.2477E+000   1.0008E+000   3.5490E-001  -5.5802E-001   7.2023E-001  -4.3329E-002  -5.7255E-001  -1.4982E-001  -1.4263E-001  -3.9649E-002   1.8798E-002  -3.1484E-002   1.0086E-002   7.0089E-005   2.6086E-002   1.6347E-002   3.3032E-002   3.2461E-002   2.4295E-003  -2.3579E-003  -1.4218E-002   1.9550E-002   9.9022E-002  
