-0.8791  -0.0000  -4.2102  -0.0468  -0.0000  0.0012  -0.9454  -0.0000  -0.0000  0.0000  0.0700  -0.0001  -0.0000  -0.0000  0.0000  -0.0000  0.0142  0.0000  -0.0000  0.0000  -0.0000  -0.0220  -0.0000  -0.0000  -0.0000  -0.0000  -0.0000  0.0000  -0.0001  -0.0000  0.0000  0.0000  -0.0000  0.0000  0.0000  0.0000  -0.0003  0.0016  0.0059  
-0.7308  -0.5159  -4.2128  -0.0263  0.3640  0.0460  -0.9460  -0.0209  -0.0003  0.0015  0.0663  0.0040  -0.0040  -0.0000  -0.0000  0.0044  0.0142  -0.0003  0.0000  -0.0000  0.0000  -0.0212  -0.0001  0.0012  0.0000  -0.0000  0.0000  -0.0000  -0.0001  0.0001  0.0000  0.0000  -0.0000  -0.0000  0.0000  -0.0000  -0.0002  0.0022  0.0140  
-0.2602  -0.2584  -4.6602  0.0973  0.2208  -0.3364  -0.9643  -0.0105  0.0002  -0.0012  0.0661  0.0013  0.0016  -0.0000  0.0000  0.0022  0.0181  0.0003  -0.0000  -0.0000  -0.0000  -0.0212  0.0009  -0.0005  0.0000  -0.0000  -0.0000  0.0000  0.0000  0.0001  0.0000  -0.0000  -0.0000  -0.0000  0.0000  -0.0000  -0.0002  0.0022  0.0131  
-0.2602  0.2584  -4.6602  0.0973  -0.2208  -0.3364  -0.9643  0.0105  0.0002  0.0012  0.0661  0.0013  -0.0016  -0.0000  -0.0000  -0.0022  0.0181  -0.0003  -0.0000  0.0000  -0.0000  -0.0212  -0.0009  -0.0005  -0.0000  -0.0000  0.0000  0.0000  0.0000  -0.0001  0.0000  0.0000  -0.0000  0.0000  0.0000  0.0000  -0.0002  0.0022  0.0131  
-0.7308  0.5159  -4.2128  -0.0263  -0.3640  0.0460  -0.9460  0.0209  -0.0003  -0.0015  0.0663  0.0040  0.0040  -0.0000  0.0000  -0.0044  0.0142  0.0003  0.0000  0.0000  0.0000  -0.0212  0.0001  0.0012  -0.0000  -0.0000  -0.0000  -0.0000  -0.0001  -0.0001  0.0000  -0.0000  -0.0000  0.0000  0.0000  0.0000  -0.0002  0.0022  0.0140  
-1.2015  0.2575  -3.7668  -0.1500  -0.1433  0.2941  -0.9281  0.0104  0.0002  0.0018  0.0666  -0.0056  0.0055  -0.0000  0.0000  -0.0022  0.0104  -0.0003  -0.0000  0.0000  0.0000  -0.0211  0.0011  -0.0007  0.0000  -0.0000  -0.0000  0.0000  -0.0002  -0.0001  -0.0000  0.0000  0.0000  0.0000  -0.0000  0.0000  -0.0002  0.0022  0.0131  
-1.2015  -0.2575  -3.7668  -0.1500  0.1433  0.2941  -0.9281  -0.0104  0.0002  -0.0018  0.0666  -0.0056  -0.0055  -0.0000  -0.0000  0.0022  0.0104  0.0003  -0.0000  -0.0000  0.0000  -0.0211  -0.0011  -0.0007  -0.0000  -0.0000  0.0000  0.0000  -0.0002  0.0001  -0.0000  -0.0000  0.0000  -0.0000  -0.0000  -0.0000  -0.0002  0.0022  0.0131  
-0.1971  -1.0397  -4.2231  0.0355  0.8090  0.1693  -0.9485  -0.0357  -0.0017  0.0173  0.0503  0.0163  -0.0088  -0.0002  -0.0000  0.0059  0.0142  -0.0037  0.0001  -0.0001  0.0000  -0.0183  -0.0003  0.0056  0.0000  -0.0002  -0.0000  -0.0000  -0.0001  0.0005  0.0000  -0.0001  0.0000  0.0000  0.0000  -0.0000  0.0006  0.0038  0.0266  
0.8486  -0.5220  -5.1270  0.3104  0.5508  -0.7838  -0.9800  -0.0182  0.0008  -0.0159  0.0497  -0.0006  0.0098  0.0001  0.0002  0.0030  0.0194  0.0036  -0.0000  -0.0000  0.0000  -0.0183  0.0047  -0.0026  0.0001  0.0001  0.0000  0.0000  0.0003  0.0002  0.0000  0.0000  -0.0000  0.0000  0.0000  -0.0000  0.0006  0.0038  0.0250  
0.8486  0.5220  -5.1270  0.3104  -0.5508  -0.7838  -0.9800  0.0182  0.0008  0.0159  0.0497  -0.0006  -0.0098  0.0001  -0.0002  -0.0030  0.0194  -0.0036  -0.0000  0.0000  0.0000  -0.0183  -0.0047  -0.0026  -0.0001  0.0001  -0.0000  0.0000  0.0003  -0.0002  0.0000  -0.0000  -0.0000  -0.0000  0.0000  0.0000  0.0006  0.0038  0.0250  
-0.1971  1.0397  -4.2231  0.0355  -0.8090  0.1693  -0.9485  0.0357  -0.0017  -0.0173  0.0503  0.0163  0.0088  -0.0002  0.0000  -0.0059  0.0142  0.0037  0.0001  0.0001  0.0000  -0.0183  0.0003  0.0056  -0.0000  -0.0002  0.0000  -0.0000  -0.0001  -0.0005  0.0000  0.0001  0.0000  -0.0000  0.0000  0.0000  0.0006  0.0038  0.0266  
-1.2430  0.5177  -3.3266  -0.2395  -0.2597  0.6182  -0.9183  0.0174  0.0008  0.0188  0.0509  -0.0158  0.0185  0.0001  0.0001  -0.0029  0.0092  -0.0037  -0.0000  0.0000  -0.0000  -0.0182  0.0050  -0.0030  0.0001  0.0001  0.0000  0.0000  -0.0005  -0.0002  -0.0000  -0.0000  0.0000  -0.0000  -0.0000  0.0000  0.0006  0.0038  0.0249  
-1.2430  -0.5177  -3.3266  -0.2395  0.2597  0.6182  -0.9183  -0.0174  0.0008  -0.0188  0.0509  -0.0158  -0.0185  0.0001  -0.0001  0.0029  0.0092  0.0037  -0.0000  -0.0000  -0.0000  -0.0182  -0.0050  -0.0030  -0.0001  0.0001  -0.0000  0.0000  -0.0005  0.0002  -0.0000  0.0000  0.0000  0.0000  -0.0000  -0.0000  0.0006  0.0038  0.0249  
0.4552  -1.2774  -4.2382  0.0748  1.1925  0.2046  -0.9521  -0.0238  -0.0037  0.0600  0.0221  0.0224  -0.0129  -0.0012  -0.0001  -0.0010  0.0142  -0.0122  0.0001  -0.0004  0.0000  -0.0152  -0.0004  0.0116  0.0000  -0.0008  -0.0000  -0.0001  -0.0001  0.0014  0.0000  -0.0005  0.0000  -0.0001  -0.0000  -0.0001  0.0020  0.0049  0.0304  
1.9962  -0.6437  -5.3530  0.4802  0.7746  -1.1344  -0.9743  -0.0129  0.0018  -0.0567  0.0213  -0.0002  0.0131  0.0006  0.0011  -0.0004  0.0135  0.0120  -0.0001  -0.0002  0.0003  -0.0153  0.0099  -0.0055  0.0007  0.0004  0.0000  -0.0001  0.0011  0.0007  0.0000  0.0005  0.0001  -0.0001  -0.0001  -0.0000  0.0020  0.0049  0.0313  
1.9962  0.6437  -5.3530  0.4802  -0.7746  -1.1344  -0.9743  0.0129  0.0018  0.0567  0.0213  -0.0002  -0.0131  0.0006  -0.0011  0.0004  0.0135  -0.0120  -0.0001  0.0002  0.0003  -0.0153  -0.0099  -0.0055  -0.0007  0.0004  -0.0000  -0.0001  0.0011  -0.0007  0.0000  -0.0005  0.0001  0.0001  -0.0001  0.0000  0.0020  0.0049  0.0313  
0.4552  1.2774  -4.2382  0.0748  -1.1925  0.2046  -0.9521  0.0238  -0.0037  -0.0600  0.0221  0.0224  0.0129  -0.0012  0.0001  0.0010  0.0142  0.0122  0.0001  0.0004  0.0000  -0.0152  0.0004  0.0116  -0.0000  -0.0008  0.0000  -0.0001  -0.0001  -0.0014  0.0000  0.0005  0.0000  0.0001  -0.0000  0.0001  0.0020  0.0049  0.0304  
-1.0860  0.6336  -3.1409  -0.3307  -0.4225  0.9337  -0.9332  0.0109  0.0019  0.0634  0.0229  -0.0223  0.0257  0.0006  0.0010  0.0006  0.0152  -0.0122  -0.0001  0.0002  -0.0003  -0.0151  0.0103  -0.0061  0.0007  0.0004  0.0000  -0.0001  -0.0012  -0.0007  -0.0000  -0.0005  -0.0001  0.0001  0.0001  0.0000  0.0020  0.0048  0.0312  
-1.0860  -0.6336  -3.1409  -0.3307  0.4225  0.9337  -0.9332  -0.0109  0.0019  -0.0634  0.0229  -0.0223  -0.0257  0.0006  -0.0010  -0.0006  0.0152  0.0122  -0.0001  -0.0002  -0.0003  -0.0151  -0.0103  -0.0061  -0.0007  0.0004  -0.0000  -0.0001  -0.0012  0.0007  -0.0000  0.0005  -0.0001  -0.0001  0.0001  -0.0000  0.0020  0.0048  0.0312  
0.9768  -1.2342  -4.2538  0.0573  1.4829  0.0737  -0.9558  0.0118  -0.0060  0.1229  -0.0143  0.0131  -0.0159  -0.0041  -0.0001  -0.0151  0.0143  -0.0254  0.0002  -0.0016  0.0000  -0.0137  -0.0004  0.0151  0.0000  -0.0024  0.0000  -0.0003  -0.0001  0.0003  0.0000  -0.0021  -0.0000  -0.0006  0.0000  -0.0001  0.0021  0.0047  0.0323  
2.8919  -0.6254  -5.3368  0.5616  0.8086  -1.3217  -0.9483  0.0042  0.0029  -0.1175  -0.0152  0.0069  0.0037  0.0021  0.0036  -0.0074  0.0015  0.0252  -0.0001  -0.0008  0.0013  -0.0138  0.0129  -0.0072  0.0021  0.0012  -0.0000  -0.0003  0.0002  0.0002  -0.0000  0.0021  0.0005  -0.0003  -0.0001  -0.0000  0.0021  0.0047  0.0320  
2.8919  0.6254  -5.3368  0.5616  -0.8086  -1.3217  -0.9483  -0.0042  0.0029  0.1175  -0.0152  0.0069  -0.0037  0.0021  -0.0036  0.0074  0.0015  -0.0252  -0.0001  0.0008  0.0013  -0.0138  -0.0129  -0.0072  -0.0021  0.0012  0.0000  -0.0003  0.0002  -0.0002  -0.0000  -0.0021  0.0005  0.0003  -0.0001  0.0000  0.0021  0.0047  0.0320  
0.9768  1.2342  -4.2538  0.0573  -1.4829  0.0737  -0.9558  -0.0118  -0.0060  -0.1229  -0.0143  0.0131  0.0159  -0.0041  0.0001  0.0151  0.0143  0.0254  0.0002  0.0016  0.0000  -0.0137  0.0004  0.0151  -0.0000  -0.0024  -0.0000  -0.0003  -0.0001  -0.0003  0.0000  0.0021  -0.0000  0.0006  0.0000  0.0001  0.0021  0.0047  0.0323  
-0.9390  0.6087  -3.1997  -0.4470  -0.6830  1.2518  -0.9688  -0.0075  0.0031  0.1284  -0.0135  -0.0202  0.0190  0.0021  0.0035  0.0077  0.0275  -0.0256  -0.0001  0.0008  -0.0014  -0.0136  0.0132  -0.0079  0.0021  0.0012  -0.0000  -0.0004  -0.0003  -0.0001  -0.0000  -0.0022  -0.0006  0.0003  0.0001  0.0000  0.0020  0.0047  0.0325  
-0.9390  -0.6087  -3.1997  -0.4470  0.6830  1.2518  -0.9688  0.0075  0.0031  -0.1284  -0.0135  -0.0202  -0.0190  0.0021  -0.0035  -0.0077  0.0275  0.0256  -0.0001  -0.0008  -0.0014  -0.0136  -0.0132  -0.0079  -0.0021  0.0012  0.0000  -0.0004  -0.0003  0.0001  -0.0000  0.0022  -0.0006  -0.0003  0.0001  -0.0000  0.0020  0.0047  0.0325  
1.2655  -1.0852  -4.2645  0.0150  1.6523  -0.1060  -0.9583  0.0473  -0.0076  0.1769  -0.0444  -0.0028  -0.0175  -0.0073  -0.0001  -0.0284  0.0143  -0.0370  0.0003  -0.0025  0.0000  -0.0135  -0.0005  0.0158  0.0000  -0.0039  -0.0000  -0.0002  -0.0001  -0.0014  0.0000  -0.0036  0.0000  -0.0007  -0.0000  0.0002  0.0018  0.0044  0.0369  
3.3985  -0.5535  -5.2229  0.5769  0.7393  -1.3794  -0.9210  0.0215  0.0037  -0.1699  -0.0453  0.0163  -0.0107  0.0036  0.0064  -0.0140  -0.0100  0.0367  -0.0001  -0.0012  0.0021  -0.0136  0.0135  -0.0075  0.0033  0.0019  0.0000  -0.0002  -0.0013  -0.0007  -0.0000  0.0035  0.0006  -0.0004  0.0002  0.0001  0.0018  0.0044  0.0380  
3.3985  0.5535  -5.2229  0.5769  -0.7393  -1.3794  -0.9210  -0.0215  0.0037  0.1699  -0.0453  0.0163  0.0107  0.0036  -0.0064  0.0140  -0.0100  -0.0367  -0.0001  0.0012  0.0021  -0.0136  -0.0135  -0.0075  -0.0033  0.0019  -0.0000  -0.0002  -0.0013  0.0007  -0.0000  -0.0035  0.0006  0.0004  0.0002  -0.0001  0.0018  0.0044  0.0380  
1.2655  1.0852  -4.2645  0.0150  -1.6523  -0.1060  -0.9583  -0.0473  -0.0076  -0.1769  -0.0444  -0.0028  0.0175  -0.0073  0.0001  0.0284  0.0143  0.0370  0.0003  0.0025  0.0000  -0.0135  0.0005  0.0158  -0.0000  -0.0039  0.0000  -0.0002  -0.0001  0.0014  0.0000  0.0036  0.0000  0.0007  -0.0000  -0.0002  0.0018  0.0044  0.0369  
-0.8682  0.5318  -3.3436  -0.5468  -0.9247  1.4892  -1.0030  -0.0258  0.0039  0.1839  -0.0435  -0.0137  0.0060  0.0037  0.0062  0.0144  0.0392  -0.0372  -0.0001  0.0013  -0.0021  -0.0135  0.0139  -0.0083  0.0034  0.0019  -0.0000  -0.0002  0.0012  0.0007  -0.0000  -0.0036  -0.0006  0.0004  -0.0002  -0.0001  0.0018  0.0043  0.0382  
-0.8682  -0.5318  -3.3436  -0.5468  0.9247  1.4892  -1.0030  0.0258  0.0039  -0.1839  -0.0435  -0.0137  -0.0060  0.0037  -0.0062  -0.0144  0.0392  0.0372  -0.0001  -0.0013  -0.0021  -0.0135  -0.0139  -0.0083  -0.0034  0.0019  0.0000  -0.0002  0.0012  -0.0007  -0.0000  0.0036  -0.0006  -0.0004  -0.0002  0.0001  0.0018  0.0043  0.0382  
2.9215  -0.8048  -5.0668  0.4751  1.0847  -1.1446  -0.9320  0.0257  0.1169  -0.1097  -0.0389  0.0121  -0.0109  0.0067  0.0001  -0.0179  -0.0036  0.0242  -0.0244  0.0016  0.0016  -0.0136  0.0155  0.0003  -0.0000  0.0036  0.0003  0.0000  -0.0008  -0.0007  -0.0023  0.0023  0.0005  0.0005  -0.0001  0.0001  0.0019  0.0044  0.0354  
2.9215  0.8048  -5.0668  0.4751  -1.0847  -1.1446  -0.9320  -0.0257  0.1169  0.1097  -0.0389  0.0121  0.0109  0.0067  -0.0001  0.0179  -0.0036  -0.0242  -0.0244  -0.0016  0.0016  -0.0136  -0.0155  0.0003  0.0000  0.0036  -0.0003  0.0000  -0.0008  0.0007  -0.0023  -0.0023  0.0005  -0.0005  -0.0001  -0.0001  0.0019  0.0044  0.0354  
-0.4959  0.7809  -3.4818  -0.4249  -1.2179  1.1472  -0.9883  -0.0304  -0.1173  0.1246  -0.0375  -0.0122  0.0127  0.0066  -0.0001  0.0183  0.0326  -0.0247  0.0245  -0.0016  -0.0017  -0.0135  0.0160  -0.0003  0.0000  0.0037  0.0002  -0.0000  0.0007  0.0008  0.0023  -0.0024  -0.0005  -0.0005  0.0001  -0.0001  0.0019  0.0044  0.0356  
-0.4959  -0.7809  -3.4818  -0.4249  1.2179  1.1472  -0.9883  0.0304  -0.1173  -0.1246  -0.0375  -0.0122  -0.0127  0.0066  0.0001  -0.0183  0.0326  0.0247  0.0245  0.0016  -0.0017  -0.0135  -0.0160  -0.0003  -0.0000  0.0037  -0.0002  -0.0000  0.0007  -0.0008  0.0023  0.0024  -0.0005  0.0005  0.0001  0.0001  0.0019  0.0044  0.0356  
