-8.9182E-001  -4.3290E+000  -2.4425E-015  -4.6477E-002  -1.6003E-014  -7.0101E-004   7.0222E-015  -8.2188E-001  -6.9779E-015  -7.7793E-007   8.4593E-002  -6.7123E-005   1.9438E-016  -4.7076E-006  -4.9750E-016   5.6319E-002   1.3933E-014  -1.4748E-006  -8.1599E-015  -1.1409E-006   1.8045E-015  -2.4736E-002   2.1516E-003   9.3474E-003  
-2.9306E-001  -4.9682E+000  -2.7715E-015   1.1126E-001   3.0006E-016   3.5549E-001   1.7903E-015  -8.4208E-001   3.1542E-015   2.3482E-003   8.6396E-002   1.3591E-002  -2.1176E-015  -1.2989E-005  -1.7093E-014   6.3742E-002   2.3130E-015  -3.6306E-004  -1.5493E-015  -6.0279E-006  -4.2263E-015  -2.3589E-002   3.3606E-003   2.6587E-002  
-5.0060E-001  -4.6494E+000  -5.5505E-001   4.5173E-002   3.0842E-001   1.2563E-001  -1.7989E-002  -8.3221E-001   4.5789E-004  -2.1027E-003   8.3270E-002   1.0459E-003   1.1832E-002  -1.4805E-006   6.5792E-006   6.0021E-002   6.3935E-003   3.7936E-004   4.4637E-005  -3.6773E-006  -2.6570E-006  -2.3649E-002   3.2857E-003   2.3793E-002  
-9.1569E-001  -4.0067E+000  -5.5803E-001  -8.6999E-002   2.1894E-001  -1.7870E-001  -1.8888E-002  -8.1091E-001  -4.6872E-004   1.5670E-003   7.7017E-002  -6.8907E-003   1.9268E-003  -2.3991E-006  -6.7161E-006   5.2666E-002   6.3447E-003  -4.3207E-004  -4.1245E-005   8.3052E-007  -2.4322E-006  -2.3771E-002   3.1279E-003   2.0626E-002  
-1.1232E+000  -3.6828E+000  -9.9277E-008  -1.5309E-001   3.0911E-008  -2.5358E-001  -3.4515E-009  -7.9949E-001   5.7430E-010  -1.2826E-003   7.3889E-002  -2.3033E-003  -5.4020E-010  -1.3655E-005  -2.4413E-011   4.9031E-002   1.1259E-009   4.5746E-004  -2.1904E-010   3.1215E-006   6.0967E-012  -2.3834E-002   3.0451E-003   2.0079E-002  
-9.1569E-001  -4.0067E+000   5.5803E-001  -8.6999E-002  -2.1894E-001  -1.7870E-001   1.8888E-002  -8.1091E-001   4.6872E-004   1.5670E-003   7.7017E-002  -6.8907E-003  -1.9268E-003  -2.3992E-006   6.7160E-006   5.2666E-002  -6.3447E-003  -4.3207E-004   4.1246E-005   8.3050E-007   2.4322E-006  -2.3771E-002   3.1279E-003   2.0626E-002  
-5.0060E-001  -4.6494E+000   5.5505E-001   4.5173E-002  -3.0842E-001   1.2563E-001   1.7989E-002  -8.3221E-001  -4.5789E-004  -2.1027E-003   8.3270E-002   1.0459E-003  -1.1832E-002  -1.4806E-006  -6.5791E-006   6.0021E-002  -6.3935E-003   3.7936E-004  -4.4638E-005  -3.6773E-006   2.6571E-006  -2.3649E-002   3.2857E-003   2.3793E-002  
 8.7594E-001  -5.6126E+000  -5.6619E-015   3.5054E-001   3.8152E-015   8.6689E-001  -4.9601E-015  -8.5185E-001   2.0772E-014   2.3876E-002   7.4309E-002   4.1110E-002   4.9664E-015  -2.3211E-004  -3.8239E-015   6.8365E-002  -1.0025E-014  -4.3237E-003   2.1270E-015  -5.3888E-005  -1.5054E-014  -1.9589E-002   8.9876E-003   6.6159E-002  
 4.1382E-001  -4.9748E+000  -1.1190E+000   2.0338E-001   7.5076E-001   2.4272E-001  -2.8350E-002  -8.3799E-001   2.2334E-003  -2.2632E-002   6.7363E-002  -2.9698E-003   3.5649E-002   1.0830E-004   1.9787E-004   6.2287E-002   1.0249E-002   4.4209E-003   2.0966E-004  -2.8063E-005   2.8394E-005  -1.9746E-002   8.7827E-003   6.1624E-002  
-5.1029E-001  -3.6744E+000  -1.1334E+000  -9.0891E-002   4.2289E-001  -4.3344E-001  -3.2703E-002  -8.0272E-001  -2.2624E-003   2.0054E-002   5.3470E-002  -2.0586E-002  -4.9740E-003   1.0062E-004  -1.9697E-004   5.0618E-002   9.9808E-003  -4.6553E-003  -2.0370E-004   2.3319E-005   3.2982E-005  -2.0052E-002   8.3104E-003   5.7511E-002  
-9.7238E-001  -3.0116E+000  -2.0238E-007  -2.3804E-001   4.6214E-008  -4.8978E-001  -6.1369E-009  -7.8131E-001   9.0170E-009  -1.8723E-002   4.6520E-002   5.6009E-003  -4.5055E-009  -2.2488E-004   1.5587E-010   4.5006E-002   1.7697E-009   4.7816E-003  -2.2468E-009   5.6056E-005  -1.5035E-011  -2.0196E-002   8.0505E-003   5.7943E-002  
-5.1029E-001  -3.6744E+000   1.1334E+000  -9.0891E-002  -4.2289E-001  -4.3344E-001   3.2703E-002  -8.0272E-001   2.2624E-003   2.0054E-002   5.3470E-002  -2.0586E-002   4.9740E-003   1.0062E-004   1.9697E-004   5.0618E-002  -9.9808E-003  -4.6553E-003   2.0370E-004   2.3319E-005  -3.2982E-005  -2.0052E-002   8.3104E-003   5.7511E-002  
 4.1382E-001  -4.9748E+000   1.1190E+000   2.0338E-001  -7.5076E-001   2.4271E-001   2.8350E-002  -8.3799E-001  -2.2334E-003  -2.2632E-002   6.7363E-002  -2.9698E-003  -3.5649E-002   1.0830E-004  -1.9787E-004   6.2287E-002  -1.0249E-002   4.4209E-003  -2.0967E-004  -2.8063E-005  -2.8394E-005  -1.9746E-002   8.7827E-003   6.1624E-002  
 2.1198E+000  -5.9035E+000   2.1427E-014   5.4082E-001   7.9934E-015   1.2114E+000   1.4853E-014  -8.3101E-001  -6.0945E-015   7.9231E-002   4.4720E-002   6.1764E-002   6.0698E-015  -1.6608E-003   1.6147E-014   6.3921E-002   1.9913E-014  -1.5217E-002  -1.8121E-014  -6.1264E-004   9.5337E-015  -1.4429E-002   1.6019E-002   9.0587E-002  
 1.4368E+000  -5.1250E+000  -1.3791E+000   3.2325E-001   1.0477E+000   3.9292E-001  -1.3005E-002  -8.2888E-001   4.7316E-003  -7.6525E-002   3.4420E-002  -4.7787E-003   5.3397E-002   8.7617E-004   1.4841E-003   5.9942E-002   6.0353E-003   1.5492E-002   4.3392E-004  -3.2254E-004   5.5414E-004  -1.4794E-002   1.5627E-002   8.8680E-002  
 7.1409E-002  -3.5149E+000  -1.4098E+000  -1.1165E-001   6.8576E-001  -6.0340E-001  -2.2222E-002  -8.0853E-001  -4.7826E-003   7.1127E-002   1.3980E-002  -3.0730E-002  -7.9465E-003   8.4197E-004  -1.4883E-003   5.3350E-002   5.4167E-003  -1.5973E-002  -4.0609E-004   3.2345E-004   5.5393E-004  -1.5312E-002   1.4952E-002   8.5062E-002  
-6.1135E-001  -2.6831E+000  -2.5263E-007  -3.2919E-001   9.0467E-008  -7.9492E-001  -4.7223E-009  -7.9035E-001   3.2521E-008  -6.8350E-002   3.7665E-003   8.8699E-003  -7.0002E-009  -1.7205E-003   7.8730E-010   5.0610E-002   1.0039E-009   1.6269E-002  -7.2544E-009   6.9283E-004  -2.6458E-010  -1.5588E-002   1.4566E-002   8.1656E-002  
 7.1409E-002  -3.5149E+000   1.4098E+000  -1.1165E-001  -6.8576E-001  -6.0340E-001   2.2222E-002  -8.0853E-001   4.7825E-003   7.1127E-002   1.3980E-002  -3.0730E-002   7.9465E-003   8.4197E-004   1.4883E-003   5.3350E-002  -5.4167E-003  -1.5973E-002   4.0610E-004   3.2345E-004  -5.5393E-004  -1.5312E-002   1.4952E-002   8.5062E-002  
 1.4368E+000  -5.1250E+000   1.3791E+000   3.2325E-001  -1.0477E+000   3.9292E-001   1.3005E-002  -8.2888E-001  -4.7315E-003  -7.6525E-002   3.4420E-002  -4.7787E-003  -5.3397E-002   8.7617E-004  -1.4841E-003   5.9942E-002  -6.0353E-003   1.5492E-002  -4.3394E-004  -3.2254E-004  -5.5414E-004  -1.4794E-002   1.5627E-002   8.8680E-002  
 3.0919E+000  -5.8517E+000   2.4811E-014   6.2466E-001  -1.3642E-015   1.2702E+000   2.3898E-014  -7.8536E-001  -2.5153E-014   1.5818E-001   1.9420E-003   5.9533E-002  -1.0420E-014  -6.4222E-003   8.1992E-015   4.7500E-002   3.7499E-014  -3.3537E-002  -2.2647E-014  -2.5599E-003   2.2182E-014  -1.3386E-002   1.8923E-002   9.1468E-002  
 2.2406E+000  -5.1037E+000  -1.3418E+000   3.5363E-001   1.0973E+000   6.0850E-001   2.4179E-002  -8.0728E-001   7.0632E-003  -1.5422E-001  -1.0701E-002   2.7107E-003   5.1475E-002   3.2873E-003   5.5255E-003   5.1750E-002  -8.2107E-003   3.3797E-002   5.9925E-004  -1.2710E-003   2.2628E-003  -1.3655E-002   1.8647E-002   9.2967E-002  
 5.3900E-001  -3.5277E+000  -1.3880E+000  -1.8842E-001   1.0626E+000  -6.3009E-001   1.0308E-002  -8.2710E-001  -7.2163E-003   1.4628E-001  -3.6066E-002  -2.9565E-002   5.2494E-003   3.1474E-003  -5.4776E-003   6.1886E-002  -9.1089E-003  -3.4422E-002  -6.2878E-004   1.2865E-003   2.1489E-003  -1.4277E-002   1.7938E-002   8.7813E-002  
-3.1184E-001  -2.6997E+000  -2.4968E-007  -4.5954E-001   1.8636E-007  -1.2321E+000   1.0833E-009  -8.2512E-001   6.8029E-008  -1.4231E-001  -4.8694E-002  -6.3609E-003  -4.2959E-009  -6.2270E-003   2.6522E-009   6.7585E-002  -9.3045E-010   3.4760E-002  -1.4673E-008   2.4373E-003  -1.0216E-009  -1.4544E-002   1.7574E-002   8.3596E-002  
 5.3900E-001  -3.5277E+000   1.3880E+000  -1.8842E-001  -1.0626E+000  -6.3009E-001  -1.0308E-002  -8.2710E-001   7.2161E-003   1.4628E-001  -3.6066E-002  -2.9565E-002  -5.2494E-003   3.1474E-003   5.4776E-003   6.1887E-002   9.1089E-003  -3.4422E-002   6.2881E-004   1.2865E-003  -2.1489E-003  -1.4277E-002   1.7938E-002   8.7813E-002  
 2.2406E+000  -5.1037E+000   1.3418E+000   3.5363E-001  -1.0973E+000   6.0850E-001  -2.4179E-002  -8.0728E-001  -7.0631E-003  -1.5422E-001  -1.0701E-002   2.7107E-003  -5.1475E-002   3.2873E-003  -5.5255E-003   5.1750E-002   8.2107E-003   3.3797E-002  -5.9928E-004  -1.2710E-003  -2.2628E-003  -1.3655E-002   1.8647E-002   9.2967E-002  
 3.6371E+000  -5.6717E+000  -2.3438E-014   6.3180E-001   1.5842E-014   1.1734E+000  -2.8787E-014  -7.4182E-001   1.6237E-014   2.2508E-001  -3.4131E-002   4.4545E-002   1.9056E-014  -1.0995E-002  -1.1719E-014   3.0243E-002  -3.9181E-014  -4.9171E-002   2.2618E-014  -3.5319E-003  -3.6077E-014  -1.4165E-002   2.0010E-002   9.7350E-002  
 2.6871E+000  -5.0168E+000  -1.1908E+000   3.2942E-001   1.0123E+000   8.0030E-001   6.0328E-002  -7.8637E-001   8.5605E-003  -2.2035E-001  -4.8197E-002   1.3924E-002   3.8511E-002   5.5942E-003   9.4244E-003   4.3122E-002  -2.3218E-002   4.9457E-002   6.9059E-004  -1.6992E-003   3.0428E-003  -1.4501E-002   1.9733E-002   1.0311E-001  
 7.8880E-001  -3.6094E+000  -1.2470E+000  -2.7514E-001   1.3971E+000  -5.7958E-001   4.3595E-002  -8.4633E-001  -8.6584E-003   2.1094E-001  -7.6253E-002  -2.2038E-002   2.4553E-002   5.2621E-003  -9.3657E-003   7.0503E-002  -2.4073E-002  -5.0075E-002  -6.1698E-004   1.7751E-003   2.8703E-003  -1.5005E-002   1.9129E-002   9.6180E-002  
-1.6048E-001  -2.8572E+000  -2.2488E-007  -5.7759E-001   2.8258E-007  -1.6200E+000   7.4082E-009  -8.6187E-001   9.8886E-008  -2.0624E-001  -9.0260E-002  -2.8731E-002   7.8340E-010  -1.0606E-002   4.7471E-009   8.4853E-002  -2.8457E-009   5.0424E-002  -2.1049E-008   3.3579E-003  -1.8804E-009  -1.5156E-002   1.8821E-002   8.9439E-002  
 7.8880E-001  -3.6094E+000   1.2470E+000  -2.7514E-001  -1.3971E+000  -5.7958E-001  -4.3595E-002  -8.4633E-001   8.6582E-003   2.1094E-001  -7.6253E-002  -2.2038E-002  -2.4553E-002   5.2621E-003   9.3657E-003   7.0503E-002   2.4073E-002  -5.0075E-002   6.1702E-004   1.7751E-003  -2.8703E-003  -1.5005E-002   1.9129E-002   9.6180E-002  
 2.6871E+000  -5.0168E+000   1.1908E+000   3.2942E-001  -1.0123E+000   8.0030E-001  -6.0328E-002  -7.8637E-001  -8.5603E-003  -2.2035E-001  -4.8197E-002   1.3924E-002  -3.8511E-002   5.5942E-003  -9.4244E-003   4.3122E-002   2.3218E-002   4.9457E-002  -6.9063E-004  -1.6992E-003  -3.0428E-003  -1.4501E-002   1.9733E-002   1.0311E-001  
 2.9915E+000  -5.3223E+000  -9.9297E-001   4.5960E-001   8.0007E-001   9.6011E-001   4.5654E-002  -7.7552E-001   1.5217E-001  -1.4258E-001  -3.4800E-002   2.5047E-002   3.7842E-002   1.0114E-002  -8.4704E-005   4.0351E-002  -1.6224E-002   3.3047E-002  -3.2282E-002   2.4438E-003   2.3636E-003  -1.4128E-002   1.9667E-002   1.0029E-001  
 3.5852E-001  -3.2735E+000  -1.0556E+000  -3.7901E-001   1.1365E+000  -9.6167E-001   2.6926E-002  -8.4808E-001   1.3339E-001   1.4306E-001  -7.3807E-002  -2.5175E-002   1.3033E-002   9.8550E-003  -8.7696E-005   7.3808E-002  -1.7240E-002  -3.2938E-002  -3.3686E-002  -2.2604E-003   2.3329E-003  -1.4886E-002   1.8778E-002   9.1555E-002  
 3.5852E-001  -3.2735E+000   1.0556E+000  -3.7901E-001  -1.1365E+000  -9.6167E-001  -2.6926E-002  -8.4808E-001  -1.3339E-001   1.4306E-001  -7.3807E-002  -2.5175E-002  -1.3033E-002   9.8550E-003   8.7696E-005   7.3808E-002   1.7240E-002  -3.2938E-002   3.3686E-002  -2.2604E-003  -2.3329E-003  -1.4886E-002   1.8778E-002   9.1555E-002  
 2.9915E+000  -5.3223E+000   9.9297E-001   4.5960E-001  -8.0007E-001   9.6011E-001  -4.5654E-002  -7.7552E-001  -1.5217E-001  -1.4258E-001  -3.4800E-002   2.5047E-002  -3.7842E-002   1.0114E-002   8.4704E-005   4.0351E-002   1.6224E-002   3.3047E-002   3.2282E-002   2.4438E-003  -2.3636E-003  -1.4128E-002   1.9667E-002   1.0029E-001  
