-8.9190E-001  -5.4112E+000   1.5543E-015  -4.6617E-002  -8.4785E-015  -1.0953E-003   8.3683E-015  -1.0274E+000  -6.8387E-015  -8.9085E-007   8.4562E-002  -1.0488E-004  -4.6029E-015  -4.7077E-006  -5.4416E-015   7.0399E-002   4.9960E-015  -1.8419E-006  -7.6339E-015  -1.4261E-006   1.0231E-015  -2.4736E-002   2.2044E-003   9.9158E-003  
-1.8936E-001  -6.0496E+000   7.5212E-016   1.4416E-001  -7.3287E-015   4.3123E-001   1.3737E-015  -1.0473E+000   2.5403E-015   2.4761E-003   8.7928E-002   1.5540E-002   9.3170E-015  -1.2895E-005  -1.2707E-014   7.7838E-002   1.7967E-015  -3.5145E-004  -1.4939E-015  -6.3913E-006  -3.9144E-015  -2.3558E-002   3.4366E-003   2.7404E-002  
-4.4879E-001  -5.7314E+000  -5.5470E-001   6.1554E-002   3.7434E-001   1.6328E-001  -1.7881E-002  -1.0376E+000   5.6905E-004  -2.1723E-003   8.4021E-002   2.0002E-003   1.3552E-002  -1.3721E-006   6.5720E-006   7.4107E-002   6.3994E-003   3.7268E-004   5.5202E-005  -4.0326E-006  -2.6855E-006  -2.3634E-002   3.3441E-003   2.4197E-002  
-9.6765E-001  -5.0887E+000  -5.5842E-001  -1.0366E-001   2.8486E-001  -2.1714E-001  -1.9005E-002  -1.0163E+000  -5.8922E-004   1.5028E-003   7.6204E-002  -7.9205E-003   3.6467E-003  -2.5196E-006  -6.7444E-006   6.6752E-002   6.3384E-003  -4.3856E-004  -5.2151E-005   4.7406E-007  -2.4044E-006  -2.3786E-002   3.1492E-003   2.0453E-002  
-1.2271E+000  -4.7642E+000  -9.9373E-008  -1.8627E-001   4.2688E-008  -3.3012E-001  -3.4601E-009  -1.0047E+000   5.5641E-010  -1.1440E-003   7.2295E-002  -4.3279E-003  -2.2987E-010  -1.3726E-005  -2.9946E-011   6.3127E-002   1.1238E-009   4.6946E-004  -1.9845E-010   2.7584E-006   2.9096E-011  -2.3864E-002   3.0468E-003   1.9268E-002  
-9.6765E-001  -5.0887E+000   5.5842E-001  -1.0366E-001  -2.8486E-001  -2.1714E-001   1.9005E-002  -1.0163E+000   5.8922E-004   1.5028E-003   7.6204E-002  -7.9205E-003  -3.6467E-003  -2.5197E-006   6.7443E-006   6.6752E-002  -6.3384E-003  -4.3856E-004   5.2151E-005   4.7411E-007   2.4044E-006  -2.3786E-002   3.1492E-003   2.0453E-002  
-4.4879E-001  -5.7314E+000   5.5470E-001   6.1554E-002  -3.7434E-001   1.6328E-001   1.7881E-002  -1.0376E+000  -5.6905E-004  -2.1723E-003   8.4021E-002   2.0002E-003  -1.3552E-002  -1.3722E-006  -6.5720E-006   7.4107E-002  -6.3994E-003   3.7268E-004  -5.5203E-005  -4.0326E-006   2.6855E-006  -2.3634E-002   3.3441E-003   2.4197E-002  
 1.1069E+000  -6.6907E+000  -1.1603E-014   4.2396E-001  -3.3565E-015   1.0361E+000  -1.5255E-014  -1.0560E+000   5.7111E-015   2.4508E-002   7.7750E-002   4.5511E-002  -1.3325E-015  -2.3280E-004  -5.6056E-015   8.2537E-002  -1.2767E-014  -4.2667E-003   1.2423E-014  -5.3778E-005  -9.7356E-015  -1.9511E-002   9.1185E-003   6.7183E-002  
 5.2924E-001  -6.0560E+000  -1.1172E+000   2.4003E-001   8.9746E-001   3.2683E-001  -2.7816E-002  -1.0431E+000   2.7852E-003  -2.2961E-002   6.9069E-002  -8.0546E-004   3.9482E-002   1.0920E-004   1.9800E-004   7.6400E-002   1.0282E-002   4.3912E-003   2.6104E-004  -2.8644E-005   2.7850E-005  -1.9708E-002   8.8609E-003   6.2138E-002  
-6.2589E-001  -4.7555E+000  -1.1353E+000  -1.2782E-001   5.6960E-001  -5.1836E-001  -3.3257E-002  -1.0078E+000  -2.8347E-003   1.9737E-002   5.1703E-002  -2.2827E-002  -1.1387E-003   9.9608E-005  -1.9707E-004   6.4733E-002   9.9461E-003  -4.6846E-003  -2.5500E-004   2.2662E-005   3.3457E-005  -2.0091E-002   8.2717E-003   5.7002E-002  
-1.2035E+000  -4.0895E+000  -2.0304E-007  -3.1176E-001   7.2320E-008  -6.5977E-001  -6.4336E-009  -9.8544E-001   8.7859E-009  -1.8068E-002   4.3016E-002   1.1236E-003  -3.9070E-009  -2.2383E-004   1.4600E-010   5.9179E-002   1.6878E-009   4.8388E-003  -2.2157E-009   5.6394E-005  -6.0273E-011  -2.0273E-002   7.9493E-003   5.6922E-002  
-6.2589E-001  -4.7555E+000   1.1353E+000  -1.2782E-001  -5.6960E-001  -5.1836E-001   3.3257E-002  -1.0078E+000   2.8347E-003   1.9737E-002   5.1703E-002  -2.2827E-002   1.1387E-003   9.9608E-005   1.9707E-004   6.4733E-002  -9.9461E-003  -4.6846E-003   2.5500E-004   2.2662E-005  -3.3457E-005  -2.0091E-002   8.2717E-003   5.7002E-002  
 5.2924E-001  -6.0560E+000   1.1172E+000   2.4003E-001  -8.9746E-001   3.2683E-001   2.7816E-002  -1.0431E+000  -2.7852E-003  -2.2961E-002   6.9069E-002  -8.0548E-004  -3.9482E-002   1.0920E-004  -1.9800E-004   7.6400E-002  -1.0282E-002   4.3912E-003  -2.6105E-004  -2.8644E-005  -2.7850E-005  -1.9708E-002   8.8609E-003   6.2138E-002  
 2.4611E+000  -6.9769E+000   2.1803E-014   6.4941E-001  -4.3058E-015   1.4617E+000   1.5055E-014  -1.0337E+000  -1.8930E-014   8.0574E-002   4.9808E-002   6.8337E-002   4.3864E-015  -1.6565E-003  -1.6002E-015   7.8236E-002   1.6505E-014  -1.5090E-002  -8.4800E-015  -6.0696E-004   2.0612E-014  -1.4285E-002   1.6206E-002   9.1259E-002  
 1.6074E+000  -6.2050E+000  -1.3753E+000   3.7747E-001   1.2644E+000   5.1705E-001  -1.1864E-002  -1.0336E+000   5.9109E-003  -7.7213E-002   3.6948E-002  -1.5723E-003   5.9085E-002   8.7383E-004   1.4824E-003   7.4109E-002   6.1173E-003   1.5425E-002   5.4207E-004  -3.2663E-004   5.4704E-004  -1.4723E-002   1.5732E-002   8.9580E-002  
-9.9375E-002  -4.5948E+000  -1.4137E+000  -1.6616E-001   9.0247E-001  -7.2834E-001  -2.3396E-002  -1.0132E+000  -5.9838E-003   7.0457E-002   1.1388E-002  -3.4008E-002  -2.2603E-003   8.3618E-004  -1.4943E-003   6.7515E-002   5.3343E-003  -1.6038E-002  -5.0713E-004   3.2943E-004   5.5445E-004  -1.5380E-002   1.4877E-002   8.5365E-002  
-9.5289E-001  -3.7563E+000  -2.5399E-007  -4.3810E-001   1.2914E-007  -1.0462E+000  -5.1670E-009  -9.9298E-001   3.2099E-008  -6.6973E-002  -1.3905E-003   2.2108E-003  -5.9733E-009  -1.7209E-003   7.6126E-010   6.4942E-002   1.0219E-009   1.6400E-002  -7.2301E-009   6.8794E-004  -3.1239E-010  -1.5746E-002   1.4382E-002   7.9866E-002  
-9.9375E-002  -4.5948E+000   1.4137E+000  -1.6616E-001  -9.0247E-001  -7.2834E-001   2.3396E-002  -1.0132E+000   5.9838E-003   7.0457E-002   1.1388E-002  -3.4008E-002   2.2603E-003   8.3618E-004   1.4943E-003   6.7515E-002  -5.3343E-003  -1.6038E-002   5.0714E-004   3.2943E-004  -5.5445E-004  -1.5380E-002   1.4877E-002   8.5365E-002  
 1.6074E+000  -6.2050E+000   1.3753E+000   3.7747E-001  -1.2644E+000   5.1705E-001   1.1864E-002  -1.0336E+000  -5.9109E-003  -7.7213E-002   3.6948E-002  -1.5723E-003  -5.9085E-002   8.7383E-004  -1.4824E-003   7.4109E-002  -6.1173E-003   1.5425E-002  -5.4209E-004  -3.2663E-004  -5.4704E-004  -1.4723E-002   1.5732E-002   8.9580E-002  
 3.5172E+000  -6.9207E+000   1.3068E-016   7.6003E-001  -8.3883E-015   1.5826E+000   8.6214E-015  -9.8669E-001   1.1700E-016   1.6015E-001   8.2445E-003   6.7744E-002  -6.9998E-015  -6.4350E-003   1.9424E-014   6.1892E-002  -4.8214E-015  -3.3375E-002  -1.2947E-014  -2.5652E-003   6.6610E-015  -1.3241E-002   1.9098E-002   9.2128E-002  
 2.4531E+000  -6.1827E+000  -1.3361E+000   4.2121E-001   1.3672E+000   7.6291E-001   2.5886E-002  -1.0116E+000   8.8242E-003  -1.5522E-001  -7.5728E-003   6.7112E-003   5.8544E-002   3.3080E-003   5.5300E-003   6.5940E-002  -8.1172E-003   3.3719E-002   7.4608E-004  -1.2662E-003   2.2755E-003  -1.3589E-002   1.8743E-002   9.4159E-002  
 3.2619E-001  -4.6065E+000  -1.3938E+000  -2.5632E-001   1.3326E+000  -7.8534E-001   8.5604E-003  -1.0314E+000  -9.0189E-003   1.4530E-001  -3.9259E-002  -3.3644E-002   1.2333E-002   3.1318E-003  -5.4698E-003   7.6090E-002  -9.2145E-003  -3.4502E-002  -7.8194E-004   1.2841E-003   2.1362E-003  -1.4354E-002   1.7866E-002   8.8024E-002  
-7.3749E-001  -3.7684E+000  -2.5173E-007  -5.9529E-001   2.3473E-007  -1.5453E+000   4.6473E-010  -1.0264E+000   6.7391E-008  -1.4030E-001  -5.5089E-002  -1.4681E-002  -2.9708E-009  -6.1926E-003   2.6450E-009   8.2036E-002  -9.8585E-010   3.4923E-002  -1.4809E-008   2.3944E-003  -1.0943E-009  -1.4733E-002   1.7382E-002   8.2395E-002  
 3.2619E-001  -4.6065E+000   1.3938E+000  -2.5632E-001  -1.3326E+000  -7.8534E-001  -8.5604E-003  -1.0314E+000   9.0188E-003   1.4530E-001  -3.9259E-002  -3.3644E-002  -1.2333E-002   3.1318E-003   5.4698E-003   7.6090E-002   9.2145E-003  -3.4502E-002   7.8197E-004   1.2840E-003  -2.1362E-003  -1.4354E-002   1.7866E-002   8.8024E-002  
 2.4531E+000  -6.1827E+000   1.3361E+000   4.2121E-001  -1.3672E+000   7.6291E-001  -2.5886E-002  -1.0116E+000  -8.8241E-003  -1.5522E-001  -7.5728E-003   6.7111E-003  -5.8544E-002   3.3079E-003  -5.5300E-003   6.5940E-002   8.1172E-003   3.3719E-002  -7.4611E-004  -1.2662E-003  -2.2755E-003  -1.3589E-002   1.8743E-002   9.4159E-002  
 4.1116E+000  -6.7379E+000  -1.0699E-014   7.8286E-001   4.0809E-015   1.5221E+000  -1.4890E-014  -9.4226E-001  -2.7334E-016   2.2744E-001  -2.7107E-002   5.3719E-002   9.2099E-015  -1.1039E-002  -1.0117E-014   4.4693E-002  -1.7458E-014  -4.8999E-002   1.7023E-014  -3.5613E-003  -8.0010E-015  -1.4007E-002   2.0182E-002   1.0018E-001  
 2.9243E+000  -6.0952E+000  -1.1839E+000   4.0482E-001   1.3134E+000   9.7236E-001   6.2394E-002  -9.9048E-001   1.0689E-002  -2.2153E-001  -4.4726E-002   1.8383E-002   4.6378E-002   5.6405E-003   9.4303E-003   5.7313E-002  -2.3124E-002   4.9381E-002   8.4759E-004  -1.6870E-003   3.0645E-003  -1.4446E-002   1.9820E-002   1.0468E-001  
 5.5138E-001  -4.6876E+000  -1.2541E+000  -3.5087E-001   1.6984E+000  -7.5249E-001   4.1481E-002  -1.0504E+000  -1.0832E-002   2.0978E-001  -7.9797E-002  -2.6575E-002   3.2440E-002   5.2190E-003  -9.3545E-003   8.4714E-002  -2.4185E-002  -5.0150E-002  -7.8633E-004   1.7857E-003   2.8448E-003  -1.5077E-002   1.9065E-002   9.6874E-002  
-6.3536E-001  -3.9232E+000  -2.2739E-007  -7.2895E-001   3.3663E-007  -1.9697E+000   6.7037E-009  -1.0623E+000   9.8113E-008  -2.0386E-001  -9.7312E-002  -3.7940E-002   2.2369E-009  -1.0548E-002   4.7210E-009   9.9257E-002  -2.8271E-009   5.0578E-002  -2.1148E-008   3.3244E-003  -1.8706E-009  -1.5288E-002   1.8675E-002   8.8862E-002  
 5.5138E-001  -4.6876E+000   1.2541E+000  -3.5087E-001  -1.6984E+000  -7.5249E-001  -4.1481E-002  -1.0504E+000   1.0832E-002   2.0978E-001  -7.9797E-002  -2.6575E-002  -3.2440E-002   5.2190E-003   9.3545E-003   8.4714E-002   2.4185E-002  -5.0150E-002   7.8638E-004   1.7857E-003  -2.8448E-003  -1.5077E-002   1.9065E-002   9.6874E-002  
 2.9243E+000  -6.0952E+000   1.1839E+000   4.0482E-001  -1.3134E+000   9.7236E-001  -6.2394E-002  -9.9048E-001  -1.0688E-002  -2.2153E-001  -4.4726E-002   1.8383E-002  -4.6378E-002   5.6405E-003  -9.4303E-003   5.7313E-002   2.3124E-002   4.9381E-002  -8.4763E-004  -1.6870E-003  -3.0645E-003  -1.4446E-002   1.9820E-002   1.0468E-001  
 3.3205E+000  -6.3969E+000  -9.8520E-001   5.6425E-001   1.0421E+000   1.1999E+000   4.7969E-002  -9.7852E-001   1.5449E-001  -1.4254E-001  -2.9967E-002   3.1281E-002   4.4188E-002   1.0146E-002  -1.1335E-004   5.4606E-002  -1.6107E-002   3.3060E-002  -3.2118E-002   2.4655E-003   2.3600E-003  -1.4043E-002   1.9782E-002   1.0176E-001  
 2.9244E-002  -4.3479E+000  -1.0635E+000  -4.8400E-001   1.3786E+000  -1.2024E+000   2.4574E-002  -1.0510E+000   1.3102E-001   1.4315E-001  -7.8717E-002  -3.1505E-002   1.9396E-002   9.8134E-003  -1.0190E-004   8.8091E-002  -1.7369E-002  -3.2911E-002  -3.3864E-002  -2.2333E-003   2.3216E-003  -1.4990E-002   1.8675E-002   9.1799E-002  
 2.9244E-002  -4.3479E+000   1.0635E+000  -4.8400E-001  -1.3786E+000  -1.2024E+000  -2.4574E-002  -1.0510E+000  -1.3102E-001   1.4315E-001  -7.8717E-002  -3.1505E-002  -1.9396E-002   9.8134E-003   1.0190E-004   8.8091E-002   1.7369E-002  -3.2911E-002   3.3864E-002  -2.2333E-003  -2.3216E-003  -1.4990E-002   1.8675E-002   9.1799E-002  
 3.3205E+000  -6.3969E+000   9.8520E-001   5.6425E-001  -1.0421E+000   1.1999E+000  -4.7969E-002  -9.7852E-001  -1.5449E-001  -1.4254E-001  -2.9967E-002   3.1281E-002  -4.4188E-002   1.0146E-002   1.1335E-004   5.4606E-002   1.6107E-002   3.3060E-002   3.2118E-002   2.4655E-003  -2.3600E-003  -1.4043E-002   1.9782E-002   1.0176E-001  
