-9.0271E-001  -1.3101E-014  -5.2123E+000  -4.9066E-002   1.7542E-015   1.5129E-003  -1.1705E+000   1.7764E-015  -2.8462E-007  -1.1670E-015   8.4668E-002  -7.5145E-005  -3.2566E-015  -4.7073E-006   7.2772E-015   1.0547E-015   1.7582E-002   3.8496E-015  -3.1865E-007  -3.8060E-015   2.3489E-007  -2.4736E-002   2.0589E-003   7.5451E-003  
-7.1903E-001  -6.4262E-001  -5.2155E+000  -2.3502E-002   4.5079E-001   5.3180E-002  -1.1712E+000  -2.1284E-002  -4.0250E-004   1.8154E-003   8.0217E-002   5.6361E-003  -4.9536E-003  -1.3406E-005  -2.4993E-006   7.3554E-003   1.7586E-002  -4.0928E-004   1.2985E-005  -4.5729E-006   3.7527E-007  -2.3711E-002   3.1382E-003   2.3322E-002  
-1.3642E-001  -3.2180E-001  -5.7728E+000   1.2963E-001   2.7023E-001  -4.1476E-001  -1.1898E+000  -1.0734E-002   1.9537E-004  -1.4854E-003   7.9868E-002   1.3568E-003   2.4804E-003  -1.9425E-006   9.0888E-006   3.6881E-003   2.3973E-002   3.9454E-004  -4.5265E-006  -2.1528E-006  -2.3529E-006  -2.3742E-002   3.0744E-003   2.1376E-002  
-1.3642E-001   3.2180E-001  -5.7728E+000   1.2963E-001  -2.7023E-001  -4.1476E-001  -1.1898E+000   1.0734E-002   1.9537E-004   1.4854E-003   7.9868E-002   1.3568E-003  -2.4804E-003  -1.9424E-006  -9.0888E-006  -3.6881E-003   2.3973E-002  -3.9454E-004  -4.5264E-006   2.1528E-006  -2.3529E-006  -2.3742E-002   3.0744E-003   2.1376E-002  
-7.1903E-001   6.4262E-001  -5.2155E+000  -2.3502E-002  -4.5079E-001   5.3180E-002  -1.1712E+000   2.1284E-002  -4.0250E-004  -1.8154E-003   8.0217E-002   5.6361E-003   4.9536E-003  -1.3406E-005   2.4993E-006  -7.3554E-003   1.7586E-002   4.0928E-004   1.2985E-005   4.5729E-006   3.7529E-007  -2.3711E-002   3.1382E-003   2.3322E-002  
-1.3017E+000   3.2081E-001  -4.6600E+000  -1.7663E-001  -1.8074E-001   3.6614E-001  -1.1530E+000   1.0552E-002   2.0622E-004   2.1844E-003   8.0569E-002  -7.2172E-003   7.4250E-003  -1.8532E-006   4.0614E-006  -3.6664E-003   1.1235E-002  -4.1788E-004  -9.6186E-006   2.3620E-006   2.7328E-006  -2.3678E-002   3.2064E-003   2.2980E-002  
-1.3017E+000  -3.2081E-001  -4.6600E+000  -1.7663E-001   1.8074E-001   3.6614E-001  -1.1530E+000  -1.0552E-002   2.0623E-004  -2.1844E-003   8.0569E-002  -7.2172E-003  -7.4250E-003  -1.8532E-006  -4.0614E-006   3.6664E-003   1.1235E-002   4.1788E-004  -9.6193E-006  -2.3621E-006   2.7328E-006  -2.3678E-002   3.2064E-003   2.2980E-002  
-5.9082E-002  -1.3004E+000  -5.2282E+000   5.3667E-002   1.0018E+000   1.9082E-001  -1.1742E+000  -3.5237E-002  -2.0412E-003   2.1298E-002   6.0489E-002   2.3349E-002  -1.0944E-002  -2.2897E-004  -2.5178E-005   1.1680E-002   1.7597E-002  -4.5509E-003   6.8553E-005  -5.4871E-005   1.5396E-006  -1.9892E-002   8.4985E-003   6.2037E-002  
 1.2355E+000  -6.5275E-001  -6.3586E+000   3.9407E-001   6.6580E-001  -9.6124E-001  -1.2055E+000  -1.8098E-002   1.0043E-003  -1.9547E-002   5.9768E-002  -2.3350E-003   1.4885E-002   1.0422E-004   2.2145E-004   5.8836E-003   2.7795E-002   4.4759E-003  -2.9656E-005  -2.4617E-005   3.0351E-005  -1.9975E-002   8.2933E-003   5.8429E-002  
 1.2356E+000   6.5275E-001  -6.3586E+000   3.9407E-001  -6.6580E-001  -9.6124E-001  -1.2055E+000   1.8098E-002   1.0043E-003   1.9547E-002   5.9768E-002  -2.3350E-003  -1.4885E-002   1.0422E-004  -2.2145E-004  -5.8836E-003   2.7795E-002  -4.4759E-003  -2.9654E-005   2.4617E-005   3.0351E-005  -1.9975E-002   8.2933E-003   5.8429E-002  
-5.9082E-002   1.3004E+000  -5.2282E+000   5.3667E-002  -1.0018E+000   1.9082E-001  -1.1742E+000   3.5237E-002  -2.0412E-003  -2.1298E-002   6.0489E-002   2.3349E-002   1.0944E-002  -2.2897E-004   2.5178E-005  -1.1680E-002   1.7597E-002   4.5509E-003   6.8551E-005   5.4871E-005   1.5395E-006  -1.9892E-002   8.4985E-003   6.2037E-002  
-1.3539E+000   6.4758E-001  -4.1067E+000  -2.8677E-001  -3.3794E-001   7.7507E-001  -1.1446E+000   1.7137E-002   1.0365E-003   2.3142E-002   6.1213E-002  -2.1235E-002   2.5736E-002   1.0507E-004   1.7278E-004  -5.7849E-003   7.5671E-003  -4.6026E-003  -3.9550E-005   2.6823E-005  -3.1019E-005  -1.9822E-002   8.7361E-003   6.0714E-002  
-1.3539E+000  -6.4758E-001  -4.1067E+000  -2.8677E-001   3.3794E-001   7.7507E-001  -1.1446E+000  -1.7137E-002   1.0366E-003  -2.3142E-002   6.1213E-002  -2.1235E-002  -2.5736E-002   1.0507E-004  -1.7278E-004   5.7849E-003   7.5671E-003   4.6026E-003  -3.9557E-005  -2.6823E-005  -3.1019E-005  -1.9822E-002   8.7361E-003   6.0714E-002  
 7.4342E-001  -1.6100E+000  -5.2469E+000   1.0323E-001   1.4768E+000   2.1053E-001  -1.1787E+000  -2.0291E-002  -4.6075E-003   7.3784E-002   2.4317E-002   3.5304E-002  -1.6000E-002  -1.6890E-003  -7.0473E-005   6.6405E-003   1.7600E-002  -1.5742E-002   1.6693E-004  -6.4514E-004   9.3807E-006  -1.5022E-002   1.5277E-002   8.5744E-002  
 2.6511E+000  -8.1107E-001  -6.6515E+000   6.0514E-001   9.2229E-001  -1.3835E+000  -1.1982E+000  -1.1307E-002   2.2752E-003  -6.9702E-002   2.3338E-002  -3.9887E-003   2.2825E-002   8.5696E-004   1.5566E-003   3.3982E-003   2.3495E-002   1.5582E-002  -6.6923E-005  -3.1958E-004   5.5019E-004  -1.5180E-002   1.4943E-002   8.4153E-002  
 2.6511E+000   8.1107E-001  -6.6515E+000   6.0514E-001  -9.2229E-001  -1.3835E+000  -1.1982E+000   1.1307E-002   2.2751E-003   6.9702E-002   2.3338E-002  -3.9887E-003  -2.2825E-002   8.5696E-004  -1.5566E-003  -3.3982E-003   2.3495E-002  -1.5582E-002  -6.6916E-005   3.1958E-004   5.5019E-004  -1.5180E-002   1.4943E-002   8.4153E-002  
 7.4342E-001   1.6100E+000  -5.2469E+000   1.0323E-001  -1.4768E+000   2.1053E-001  -1.1787E+000   2.0291E-002  -4.6074E-003  -7.3784E-002   2.4317E-002   3.5304E-002   1.6000E-002  -1.6890E-003   7.0474E-005  -6.6405E-003   1.7600E-002   1.5742E-002   1.6692E-004   6.4514E-004   9.3804E-006  -1.5022E-002   1.5277E-002   8.5744E-002  
-1.1648E+000   7.9886E-001  -3.8635E+000  -3.9875E-001  -5.6035E-001   1.1777E+000  -1.1632E+000   9.0086E-003   2.3314E-003   7.7954E-002   2.5198E-002  -3.1520E-002   3.8516E-002   8.5948E-004   1.4200E-003  -3.1959E-003   1.2053E-002  -1.5891E-002  -1.0095E-004   3.3511E-004  -5.5657E-004  -1.4930E-002   1.5583E-002   8.5964E-002  
-1.1648E+000  -7.9886E-001  -3.8635E+000  -3.9875E-001   5.6035E-001   1.1777E+000  -1.1632E+000  -9.0086E-003   2.3315E-003  -7.7954E-002   2.5198E-002  -3.1520E-002  -3.8516E-002   8.5948E-004  -1.4200E-003   3.1959E-003   1.2053E-002   1.5891E-002  -1.0097E-004  -3.3511E-004  -5.5657E-004  -1.4930E-002   1.5583E-002   8.5964E-002  
 1.3792E+000  -1.5758E+000  -5.2661E+000   7.9986E-002   1.8365E+000   2.1447E-002  -1.1832E+000   1.9923E-002  -7.3606E-003   1.5022E-001  -2.3305E-002   2.6572E-002  -1.9705E-002  -6.3337E-003  -9.3428E-005  -1.0050E-002   1.7612E-002  -3.4156E-002   3.0549E-004  -2.5009E-003   4.8536E-005  -1.3967E-002   1.8240E-002   8.7928E-002  
 3.7504E+000  -7.9802E-001  -6.6480E+000   7.0439E-001   9.4103E-001  -1.6020E+000  -1.1691E+000   8.0434E-003   3.5776E-003  -1.4364E-001  -2.4221E-002   3.3808E-003   1.3669E-002   3.1997E-003   5.5355E-003  -4.8476E-003   9.3464E-003   3.3757E-002  -1.7978E-004  -1.2168E-003   2.1686E-003  -1.4034E-002   1.7951E-002   8.6339E-002  
 3.7504E+000   7.9802E-001  -6.6480E+000   7.0439E-001  -9.4103E-001  -1.6020E+000  -1.1691E+000  -8.0434E-003   3.5776E-003   1.4364E-001  -2.4221E-002   3.3808E-003  -1.3669E-002   3.1997E-003  -5.5355E-003   4.8476E-003   9.3464E-003  -3.3757E-002  -1.7977E-004   1.2168E-003   2.1686E-003  -1.4034E-002   1.7951E-002   8.6339E-002  
 1.3792E+000   1.5758E+000  -5.2661E+000   7.9986E-002  -1.8365E+000   2.1447E-002  -1.1832E+000  -1.9923E-002  -7.3605E-003  -1.5022E-001  -2.3305E-002   2.6572E-002   1.9705E-002  -6.3337E-003   9.3430E-005   1.0050E-002   1.7612E-002   3.4156E-002   3.0548E-004   2.5009E-003   4.8535E-005  -1.3967E-002   1.8240E-002   8.7928E-002  
-9.9278E-001   7.7778E-001  -3.9193E+000  -5.4444E-001  -9.0642E-001   1.5852E+000  -1.2039E+000  -1.1814E-002   3.7649E-003   1.5686E-001  -2.2414E-002  -3.0240E-002   3.2531E-002   3.2472E-003   5.4653E-003   5.3095E-003   2.6693E-002  -3.4476E-002  -1.4333E-004   1.3354E-003  -2.2463E-003  -1.3921E-002   1.8575E-002   8.8729E-002  
-9.9278E-001  -7.7778E-001  -3.9193E+000  -5.4444E-001   9.0642E-001   1.5852E+000  -1.2039E+000   1.1814E-002   3.7651E-003  -1.5686E-001  -2.2414E-002  -3.0240E-002  -3.2531E-002   3.2472E-003  -5.4653E-003  -5.3095E-003   2.6693E-002   3.4476E-002  -1.4337E-004  -1.3354E-003  -2.2463E-003  -1.3921E-002   1.8575E-002   8.8729E-002  
 1.7275E+000  -1.4070E+000  -5.2793E+000   2.4561E-002   2.0464E+000  -2.2093E-001  -1.1863E+000   6.0070E-002  -9.2926E-003   2.1565E-001  -6.2126E-002   7.9224E-003  -2.1754E-002  -1.0797E-002  -7.0005E-005  -2.7285E-002   1.7652E-002  -4.9795E-002   4.4996E-004  -3.4393E-003   8.8382E-005  -1.4654E-002   1.9409E-002   9.4840E-002  
 4.3685E+000  -7.1670E-001  -6.5203E+000   7.2039E-001   8.3813E-001  -1.6637E+000  -1.1385E+000   2.7569E-002   4.5892E-003  -2.0722E-001  -6.2990E-002   1.4447E-002  -3.2975E-003   5.4036E-003   9.4180E-003  -1.3376E-002  -5.4714E-003   4.9289E-002  -1.7423E-004  -1.6508E-003   2.9206E-003  -1.4789E-002   1.9082E-002   9.6875E-002  
 4.3685E+000   7.1670E-001  -6.5203E+000   7.2039E-001  -8.3813E-001  -1.6637E+000  -1.1385E+000  -2.7569E-002   4.5891E-003   2.0722E-001  -6.2990E-002   1.4447E-002   3.2975E-003   5.4036E-003  -9.4180E-003   1.3376E-002  -5.4714E-003  -4.9289E-002  -1.7421E-004   1.6508E-003   2.9206E-003  -1.4789E-002   1.9082E-002   9.6875E-002  
 1.7275E+000   1.4070E+000  -5.2793E+000   2.4562E-002  -2.0464E+000  -2.2093E-001  -1.1863E+000  -6.0070E-002  -9.2925E-003  -2.1565E-001  -6.2126E-002   7.9224E-003   2.1754E-002  -1.0797E-002   7.0009E-005   2.7285E-002   1.7652E-002   4.9795E-002   4.4994E-004   3.4393E-003   8.8381E-005  -1.4654E-002   1.9409E-002   9.4840E-002  
-9.1452E-001   6.9044E-001  -4.0838E+000  -6.7135E-001  -1.2230E+000   1.8893E+000  -1.2427E+000  -3.2454E-002   4.7293E-003   2.2410E-001  -6.1318E-002  -2.2572E-002   1.7247E-002   5.4620E-003   9.3543E-003   1.4013E-002   4.1825E-002  -5.0243E-002  -2.4417E-004   1.8074E-003  -2.9892E-003  -1.4721E-002   1.9733E-002   9.6240E-002  
-9.1452E-001  -6.9043E-001  -4.0838E+000  -6.7135E-001   1.2230E+000   1.8893E+000  -1.2427E+000   3.2454E-002   4.7297E-003  -2.2410E-001  -6.1318E-002  -2.2572E-002  -1.7247E-002   5.4620E-003  -9.3543E-003  -1.4013E-002   4.1825E-002   5.0243E-002  -2.4423E-004  -1.8074E-003  -2.9892E-003  -1.4721E-002   1.9733E-002   9.6240E-002  
 3.7798E+000  -1.0387E+000  -6.3150E+000   5.9499E-001   1.2577E+000  -1.4175E+000  -1.1520E+000   3.3624E-002   1.4255E-001  -1.3374E-001  -5.4918E-002   1.5029E-002  -2.1759E-003   9.9964E-003   3.6552E-005  -1.6387E-002   1.2625E-003   3.2501E-002  -3.2938E-002   2.3660E-003   2.2666E-003  -1.4530E-002   1.8947E-002   9.2058E-002  
 3.7798E+000   1.0387E+000  -6.3150E+000   5.9499E-001  -1.2577E+000  -1.4175E+000  -1.1520E+000  -3.3624E-002   1.4255E-001   1.3374E-001  -5.4918E-002   1.5029E-002   2.1759E-003   9.9964E-003  -3.6552E-005   1.6387E-002   1.2625E-003  -3.2501E-002  -3.2938E-002  -2.3660E-003   2.2666E-003  -1.4530E-002   1.8947E-002   9.2058E-002  
-4.5154E-001   1.0098E+000  -4.2673E+000  -5.1961E-001  -1.5943E+000   1.4208E+000  -1.2248E+000  -3.9004E-002  -1.4298E-001   1.5194E-001  -5.3556E-002  -1.5173E-002   2.6964E-002   9.9600E-003  -3.0662E-005   1.7091E-002   3.4739E-002  -3.3474E-002   3.3025E-002  -2.3176E-003  -2.4300E-003  -1.4493E-002   1.9459E-002   9.3919E-002  
-4.5154E-001  -1.0098E+000  -4.2673E+000  -5.1961E-001   1.5943E+000   1.4208E+000  -1.2248E+000   3.9004E-002  -1.4298E-001  -1.5194E-001  -5.3556E-002  -1.5173E-002  -2.6964E-002   9.9600E-003   3.0662E-005  -1.7091E-002   3.4739E-002   3.3474E-002   3.3025E-002   2.3176E-003  -2.4300E-003  -1.4493E-002   1.9459E-002   9.3919E-002  
