-0.8702  -2.1855  0.0000  -0.0446  -0.0000  -0.0002  0.0000  -0.4149  -0.0000  0.0000  0.0700  -0.0000  0.0000  -0.0000  -0.0000  0.0284  0.0000  0.0000  -0.0000  0.0000  0.0000  -0.0220  -0.0000  0.0000  -0.0000  -0.0000  -0.0000  -0.0000  0.0000  0.0003  -0.0000  0.0000  0.0000  0.0000  -0.0000  0.0000  -0.0003  0.0016  0.0059  
-0.5124  -2.6997  -0.0000  0.0426  0.0000  0.1982  0.0000  -0.4353  0.0000  0.0018  0.0695  0.0081  -0.0000  -0.0000  -0.0000  0.0329  -0.0000  -0.0003  0.0000  -0.0000  0.0000  -0.0211  -0.0000  0.0013  -0.0000  -0.0000  -0.0000  -0.0000  -0.0000  0.0005  0.0000  0.0000  0.0000  -0.0000  0.0000  -0.0000  -0.0002  0.0022  0.0140  
-0.6172  -2.4430  -0.4460  0.0092  0.1718  0.0542  -0.0179  -0.4252  0.0002  -0.0016  0.0679  -0.0001  0.0070  -0.0000  0.0000  0.0307  0.0039  0.0003  0.0000  -0.0000  -0.0000  -0.0211  0.0011  -0.0005  0.0000  -0.0000  -0.0000  0.0000  0.0001  0.0004  0.0000  -0.0000  -0.0000  -0.0000  0.0000  -0.0000  -0.0002  0.0022  0.0131  
-0.8267  -1.9271  -0.4475  -0.0575  0.0943  -0.0994  -0.0183  -0.4043  -0.0002  0.0014  0.0647  -0.0041  -0.0001  -0.0000  -0.0000  0.0262  0.0038  -0.0003  -0.0000  0.0000  -0.0000  -0.0212  -0.0009  -0.0006  -0.0000  -0.0000  0.0000  0.0000  0.0001  0.0003  0.0000  0.0000  -0.0000  0.0000  0.0000  0.0000  -0.0002  0.0022  0.0131  
-0.9315  -1.6678  -0.0000  -0.0909  0.0000  -0.1092  -0.0000  -0.3934  0.0000  -0.0012  0.0632  0.0001  -0.0000  -0.0000  0.0000  0.0240  0.0000  0.0004  -0.0000  0.0000  -0.0000  -0.0212  -0.0000  0.0010  0.0000  -0.0000  -0.0000  -0.0000  -0.0000  0.0002  0.0000  -0.0000  -0.0000  0.0000  -0.0000  0.0000  -0.0002  0.0022  0.0141  
-0.8267  -1.9271  0.4475  -0.0575  -0.0943  -0.0994  0.0183  -0.4043  0.0002  0.0014  0.0647  -0.0041  0.0001  -0.0000  0.0000  0.0262  -0.0038  -0.0003  0.0000  0.0000  0.0000  -0.0212  0.0009  -0.0006  0.0000  -0.0000  -0.0000  0.0000  -0.0001  0.0003  -0.0000  0.0000  0.0000  0.0000  -0.0000  0.0000  -0.0002  0.0022  0.0131  
-0.6172  -2.4430  0.4460  0.0092  -0.1718  0.0542  0.0179  -0.4252  -0.0002  -0.0016  0.0679  -0.0001  -0.0070  -0.0000  -0.0000  0.0307  -0.0039  0.0003  -0.0000  -0.0000  0.0000  -0.0211  -0.0011  -0.0005  -0.0000  -0.0000  0.0000  0.0000  -0.0001  0.0004  -0.0000  -0.0000  0.0000  -0.0000  -0.0000  -0.0000  -0.0002  0.0022  0.0131  
0.2783  -3.2167  -0.0000  0.1863  -0.0000  0.5102  0.0000  -0.4479  -0.0000  0.0186  0.0573  0.0253  0.0000  -0.0002  -0.0000  0.0345  0.0000  -0.0035  0.0000  -0.0001  0.0000  -0.0181  -0.0000  0.0059  -0.0000  -0.0002  -0.0000  -0.0000  -0.0000  0.0008  0.0000  -0.0001  -0.0000  0.0000  -0.0000  -0.0000  0.0006  0.0038  0.0265  
0.0450  -2.7031  -0.8968  0.1120  0.4417  0.0864  -0.0298  -0.4320  0.0011  -0.0180  0.0538  -0.0037  0.0219  0.0001  0.0001  0.0314  0.0052  0.0036  0.0001  -0.0000  0.0000  -0.0182  0.0051  -0.0027  0.0001  0.0001  0.0000  0.0000  0.0004  0.0006  0.0000  0.0000  -0.0000  0.0000  0.0000  -0.0000  0.0006  0.0038  0.0249  
-0.4215  -1.6635  -0.9040  -0.0366  0.1506  -0.2549  -0.0320  -0.3963  -0.0011  0.0167  0.0468  -0.0126  -0.0064  0.0001  -0.0001  0.0256  0.0050  -0.0037  -0.0001  0.0000  0.0000  -0.0183  -0.0046  -0.0029  -0.0001  0.0001  -0.0000  0.0000  0.0004  0.0001  0.0000  -0.0000  -0.0000  -0.0000  0.0000  0.0000  0.0006  0.0038  0.0250  
-0.6548  -1.1373  -0.0000  -0.1108  0.0000  -0.1745  -0.0000  -0.3765  0.0000  -0.0160  0.0433  0.0073  -0.0000  -0.0002  0.0000  0.0227  0.0000  0.0038  -0.0000  0.0001  -0.0000  -0.0184  -0.0000  0.0053  0.0000  -0.0002  -0.0000  -0.0000  -0.0000  -0.0001  0.0000  0.0001  -0.0000  -0.0000  0.0000  0.0000  0.0006  0.0038  0.0266  
-0.4215  -1.6635  0.9040  -0.0366  -0.1506  -0.2549  0.0320  -0.3963  0.0011  0.0167  0.0468  -0.0126  0.0064  0.0001  0.0001  0.0256  -0.0050  -0.0037  0.0001  0.0000  -0.0000  -0.0183  0.0046  -0.0029  0.0001  0.0001  0.0000  0.0000  -0.0004  0.0001  -0.0000  -0.0000  0.0000  -0.0000  -0.0000  0.0000  0.0006  0.0038  0.0250  
0.0450  -2.7031  0.8968  0.1120  -0.4417  0.0864  0.0298  -0.4320  -0.0011  -0.0180  0.0538  -0.0037  -0.0219  0.0001  -0.0001  0.0314  -0.0052  0.0036  -0.0001  -0.0000  -0.0000  -0.0182  -0.0051  -0.0027  -0.0001  0.0001  -0.0000  0.0000  -0.0004  0.0006  -0.0000  0.0000  0.0000  0.0000  -0.0000  -0.0000  0.0006  0.0038  0.0249  
1.1535  -3.4451  -0.0000  0.2965  0.0000  0.7093  -0.0000  -0.4331  0.0000  0.0627  0.0324  0.0357  0.0000  -0.0012  -0.0000  0.0279  -0.0000  -0.0119  0.0000  -0.0004  -0.0000  -0.0150  -0.0000  0.0120  -0.0000  -0.0007  0.0000  -0.0001  -0.0000  0.0017  0.0000  -0.0005  -0.0000  -0.0001  0.0000  -0.0001  0.0020  0.0049  0.0301  
0.8087  -2.8197  -1.0986  0.1867  0.6135  0.1495  -0.0183  -0.4252  0.0024  -0.0614  0.0273  -0.0047  0.0309  0.0006  0.0010  0.0281  -0.0007  0.0120  0.0002  -0.0002  0.0003  -0.0151  0.0104  -0.0056  0.0007  0.0004  0.0000  -0.0001  0.0012  0.0010  0.0000  0.0005  0.0001  -0.0001  -0.0001  -0.0000  0.0020  0.0049  0.0312  
0.1193  -1.5423  -1.1140  -0.0328  0.2614  -0.3533  -0.0230  -0.4014  -0.0024  0.0586  0.0169  -0.0178  -0.0080  0.0006  -0.0010  0.0291  -0.0010  -0.0123  -0.0002  0.0002  0.0004  -0.0153  -0.0098  -0.0060  -0.0007  0.0004  -0.0000  -0.0001  0.0012  -0.0004  0.0000  -0.0005  0.0001  0.0001  -0.0001  0.0000  0.0020  0.0048  0.0313  
-0.2253  -0.8902  -0.0000  -0.1425  0.0000  -0.3032  -0.0000  -0.3854  0.0000  -0.0573  0.0117  0.0091  -0.0000  -0.0012  0.0000  0.0298  -0.0000  0.0124  -0.0000  0.0004  -0.0000  -0.0154  -0.0000  0.0112  0.0000  -0.0008  0.0000  -0.0001  0.0000  -0.0010  0.0000  0.0006  -0.0000  0.0001  -0.0000  0.0001  0.0020  0.0049  0.0308  
0.1193  -1.5423  1.1140  -0.0328  -0.2614  -0.3533  0.0230  -0.4014  0.0024  0.0586  0.0169  -0.0178  0.0080  0.0006  0.0010  0.0291  0.0010  -0.0123  0.0002  0.0002  -0.0004  -0.0153  0.0098  -0.0060  0.0007  0.0004  0.0000  -0.0001  -0.0012  -0.0004  -0.0000  -0.0005  -0.0001  0.0001  0.0001  0.0000  0.0020  0.0048  0.0313  
0.8087  -2.8197  1.0986  0.1867  -0.6135  0.1495  0.0183  -0.4252  -0.0024  -0.0614  0.0273  -0.0047  -0.0309  0.0006  -0.0010  0.0281  0.0007  0.0120  -0.0002  -0.0002  -0.0003  -0.0151  -0.0104  -0.0056  -0.0007  0.0004  -0.0000  -0.0001  -0.0012  0.0010  -0.0000  0.0005  -0.0001  -0.0001  0.0001  -0.0000  0.0020  0.0049  0.0312  
1.8448  -3.3930  0.0000  0.3331  -0.0000  0.7037  0.0000  -0.3946  -0.0000  0.1270  -0.0014  0.0298  0.0000  -0.0041  0.0000  0.0140  0.0000  -0.0250  -0.0000  -0.0015  0.0000  -0.0135  0.0000  0.0156  0.0000  -0.0024  -0.0000  -0.0003  0.0000  0.0007  -0.0000  -0.0021  0.0000  -0.0006  -0.0000  -0.0001  0.0021  0.0047  0.0323  
1.4150  -2.7959  -1.0573  0.1964  0.6079  0.2760  0.0137  -0.4066  0.0036  -0.1250  -0.0079  0.0015  0.0257  0.0021  0.0036  0.0211  -0.0128  0.0252  0.0004  -0.0008  0.0013  -0.0136  0.0135  -0.0073  0.0021  0.0012  -0.0000  -0.0004  0.0003  0.0005  0.0000  0.0021  0.0005  -0.0003  -0.0001  -0.0000  0.0021  0.0047  0.0337  
0.5559  -1.5617  -1.0805  -0.0772  0.4823  -0.3491  0.0066  -0.4183  -0.0036  0.1209  -0.0209  -0.0147  0.0030  0.0021  -0.0036  0.0362  -0.0132  -0.0256  -0.0004  0.0008  0.0014  -0.0139  -0.0126  -0.0078  -0.0021  0.0012  0.0000  -0.0003  0.0003  0.0002  -0.0000  -0.0021  0.0005  0.0003  -0.0001  0.0000  0.0021  0.0047  0.0325  
0.1264  -0.9245  -0.0000  -0.2141  0.0000  -0.5593  0.0000  -0.4181  0.0000  -0.1189  -0.0273  -0.0036  -0.0000  -0.0041  0.0000  0.0441  -0.0000  0.0258  -0.0000  0.0016  -0.0000  -0.0140  -0.0000  0.0146  0.0000  -0.0024  0.0000  -0.0003  0.0000  0.0000  -0.0000  0.0022  -0.0000  0.0006  -0.0000  0.0001  0.0021  0.0047  0.0325  
0.5559  -1.5617  1.0805  -0.0772  -0.4823  -0.3491  -0.0066  -0.4183  0.0036  0.1209  -0.0209  -0.0147  -0.0030  0.0021  0.0036  0.0362  0.0132  -0.0256  0.0004  0.0008  -0.0014  -0.0139  0.0126  -0.0078  0.0021  0.0012  -0.0000  -0.0003  -0.0003  0.0002  0.0000  -0.0021  -0.0005  0.0003  0.0001  0.0000  0.0021  0.0047  0.0325  
1.4149  -2.7959  1.0573  0.1964  -0.6079  0.2760  -0.0137  -0.4066  -0.0036  -0.1250  -0.0079  0.0015  -0.0257  0.0021  -0.0036  0.0211  0.0128  0.0252  -0.0004  -0.0008  -0.0013  -0.0136  -0.0135  -0.0073  -0.0021  0.0012  0.0000  -0.0004  -0.0003  0.0005  -0.0000  0.0021  -0.0005  -0.0003  0.0001  -0.0000  0.0021  0.0047  0.0337  
2.2331  -3.2382  -0.0000  0.3226  -0.0000  0.5977  -0.0000  -0.3571  -0.0000  0.1818  -0.0300  0.0159  -0.0000  -0.0073  -0.0000  0.0008  -0.0000  -0.0364  0.0000  -0.0025  -0.0000  -0.0132  0.0000  0.0164  -0.0000  -0.0039  0.0000  -0.0002  -0.0000  -0.0011  0.0000  -0.0035  -0.0000  -0.0007  0.0000  0.0002  0.0018  0.0044  0.0365  
1.7534  -2.7202  -0.9259  0.1699  0.5155  0.4015  0.0453  -0.3883  0.0044  -0.1793  -0.0372  0.0104  0.0137  0.0036  0.0063  0.0145  -0.0243  0.0367  0.0005  -0.0013  0.0021  -0.0134  0.0142  -0.0076  0.0034  0.0019  -0.0000  -0.0002  -0.0012  -0.0004  0.0000  0.0035  0.0006  -0.0004  0.0002  0.0001  0.0018  0.0043  0.0381  
0.7949  -1.6348  -0.9542  -0.1353  0.7008  -0.2949  0.0366  -0.4356  -0.0044  0.1744  -0.0517  -0.0077  0.0184  0.0037  -0.0063  0.0429  -0.0248  -0.0372  -0.0004  0.0012  0.0021  -0.0137  -0.0132  -0.0082  -0.0034  0.0020  0.0000  -0.0002  -0.0013  0.0010  -0.0000  -0.0035  0.0006  0.0004  0.0002  -0.0001  0.0018  0.0043  0.0381  
0.3157  -1.0677  -0.0000  -0.2881  0.0000  -0.8126  0.0000  -0.4517  0.0000  -0.1720  -0.0590  -0.0215  0.0000  -0.0073  0.0000  0.0576  -0.0000  0.0375  -0.0000  0.0025  -0.0000  -0.0138  -0.0000  0.0152  0.0000  -0.0039  0.0000  -0.0002  -0.0000  0.0018  -0.0000  0.0036  -0.0000  0.0007  0.0000  -0.0002  0.0018  0.0043  0.0371  
0.7949  -1.6348  0.9542  -0.1353  -0.7008  -0.2949  -0.0366  -0.4356  0.0044  0.1744  -0.0517  -0.0077  -0.0184  0.0037  0.0063  0.0429  0.0248  -0.0372  0.0004  0.0012  -0.0021  -0.0137  0.0132  -0.0082  0.0034  0.0020  -0.0000  -0.0002  0.0013  0.0010  0.0000  -0.0035  -0.0006  0.0004  -0.0002  -0.0001  0.0018  0.0043  0.0381  
1.7534  -2.7202  0.9259  0.1699  -0.5155  0.4015  -0.0453  -0.3883  -0.0044  -0.1793  -0.0372  0.0104  -0.0137  0.0036  -0.0063  0.0145  0.0243  0.0367  -0.0005  -0.0013  -0.0021  -0.0134  -0.0142  -0.0076  -0.0034  0.0019  0.0000  -0.0002  0.0012  -0.0004  -0.0000  0.0035  -0.0006  -0.0004  -0.0002  0.0001  0.0018  0.0043  0.0381  
1.8865  -2.9627  -0.7771  0.2390  0.4223  0.4848  0.0329  -0.3816  0.1219  -0.1170  -0.0282  0.0127  0.0139  0.0066  0.0000  0.0108  -0.0178  0.0245  -0.0240  0.0016  0.0016  -0.0133  0.0162  0.0004  0.0000  0.0036  0.0003  0.0000  -0.0007  -0.0004  -0.0023  0.0023  0.0005  0.0005  -0.0001  0.0001  0.0019  0.0044  0.0360  
0.5571  -1.3770  -0.8086  -0.1844  0.5554  -0.4852  0.0232  -0.4377  0.1123  0.1172  -0.0482  -0.0127  0.0120  0.0066  0.0000  0.0469  -0.0184  -0.0245  -0.0250  -0.0016  0.0016  -0.0137  -0.0154  -0.0004  0.0000  0.0036  -0.0002  0.0000  -0.0007  0.0010  -0.0023  -0.0023  0.0005  -0.0005  -0.0001  -0.0001  0.0019  0.0044  0.0354  
0.5571  -1.3770  0.8086  -0.1844  -0.5554  -0.4852  -0.0232  -0.4377  -0.1123  0.1172  -0.0482  -0.0127  -0.0120  0.0066  -0.0000  0.0469  0.0184  -0.0245  0.0250  -0.0016  -0.0016  -0.0137  0.0154  -0.0004  -0.0000  0.0036  0.0002  0.0000  0.0007  0.0010  0.0023  -0.0023  -0.0005  -0.0005  0.0001  -0.0001  0.0019  0.0044  0.0354  
1.8865  -2.9627  0.7771  0.2390  -0.4223  0.4848  -0.0329  -0.3816  -0.1219  -0.1170  -0.0282  0.0127  -0.0139  0.0066  -0.0000  0.0108  0.0178  0.0245  0.0240  0.0016  -0.0016  -0.0133  -0.0162  0.0004  -0.0000  0.0036  -0.0003  0.0000  0.0007  -0.0004  0.0023  0.0023  -0.0005  0.0005  0.0001  0.0001  0.0019  0.0044  0.0360  
